shanghai, 31.2500, 121.5000, 31.1667, 121.4167
beijing, 39.9333, 116.4167, 39.8500, 116.3333
chongqing, 29.5833, 106.5500, 29.5000, 106.4667
tianjin, 39.1667, 117.1833, 39.0833, 117.1000
guangzhou, 23.1667, 113.2500, 23.0833, 113.1667
shenzhen, 22.5500, 114.0833, 22.4667, 114.0000
wuhan, 30.6000, 114.3167, 30.5167, 114.2333
dongguan, 23.0500, 113.7500, 22.9667, 113.6667
chengdu, 30.6667, 104.0667, 30.5833, 103.9833
nanjing, 32.0500, 118.7833, 31.9667, 118.7000
hangzhou, 30.2750, 120.1550, 30.1917, 120.0717
shenyang, 41.8057, 123.4315, 41.7224, 123.3482
harbin, 45.8038, 126.5349, 45.7205, 126.4516
xian, 34.3416, 108.9398, 34.2583, 108.8565
suzhou, 31.3179, 120.6199, 31.2346, 120.5366
dalian, 38.9140, 121.6147, 38.8307, 121.5314
qingdao, 36.0671, 120.3826, 35.9838, 120.2993
zhengzhou, 34.7578, 113.6486, 34.6745, 113.5653
changsha, 28.1946, 112.9823, 28.1113, 112.8990
ningbo, 29.8753, 121.5496, 29.7920, 121.4663
mumbai, 19.0760, 72.8777, 18.9927, 72.7944
delhi, 28.7041, 77.1025, 28.6208, 77.0192
bangalore, 12.9716, 77.5946, 12.8883, 77.5113
hyderabad, 17.3850, 78.4867, 17.3017, 78.4034
ahmedabad, 23.0225, 72.5714, 22.9392, 72.4881
chennai, 13.0827, 80.2707, 12.9994, 80.1874
kolkata, 22.5726, 88.3639, 22.4893, 88.2806
surat, 21.1702, 72.8311, 21.0869, 72.7478
pune, 18.5204, 73.8567, 18.4371, 73.7734
jaipur, 26.9124, 75.7873, 26.8291, 75.7040
lucknow, 26.8467, 80.9462, 26.7634, 80.8629
kanpur, 26.4499, 80.3319, 26.3666, 80.2486
nagpur, 21.1458, 79.0882, 21.0625, 79.0049
indore, 22.7196, 75.8577, 22.6363, 75.7744
thane, 19.2183, 72.9781, 19.1350, 72.8948
bhopal, 23.2599, 77.4126, 23.1766, 77.3293
visakhapatnam, 17.6868, 83.2185, 17.6035, 83.1352
patna, 25.5941, 85.1376, 25.5108, 85.0543
vadodara, 22.3072, 73.1812, 22.2239, 73.0979
jakarta, -6.2088, 106.8456, -6.2921, 106.7623
surabaya, -7.2575, 112.7521, -7.3408, 112.6688
bandung, -6.9175, 107.6191, -7.0008, 107.5358
bekasi, -6.2349, 106.9901, -6.3182, 106.9068
medan, 3.5952, 98.6722, 3.5119, 98.5889
tangerang, -6.1783, 106.6319, -6.2616, 106.5486
depok, -6.4000, 106.8186, -6.4833, 106.7353
palembang, -2.9765, 104.7754, -3.0598, 104.6921
semarang, -6.9667, 110.4167, -7.0500, 110.3334
makassar, -5.1477, 119.4327, -5.2310, 119.3494
south_tangerang, -6.3148, 106.7259, -6.3981, 106.6426
bogor, -6.5944, 106.7892, -6.6777, 106.7059
bandar_lampung, -5.4285, 105.2561, -5.5118, 105.1728
padang, -0.9470, 100.4172, -1.0303, 100.3339
malang, -7.9797, 112.6307, -8.0630, 112.5474
batam, 1.0455, 104.0278, 0.9622, 103.9445
pekanbaru, 0.5068, 101.4479, 0.4235, 101.3646
pontianak, -0.0283, 109.3423, -0.1116, 109.2590
karawang, -6.3153, 107.2904, -6.3986, 107.2071
samboja, -1.0833, 116.9833, -1.1666, 116.9000
yogyakarta, -7.7956, 110.3695, -7.8789, 110.2862
pakistan, 33.6844, 73.0479, 33.6011, 72.9646
karachi, 24.8607, 67.0109, 24.7774, 66.9276
lahore, 31.5204, 74.3587, 31.4371, 74.2754
faisalabad, 31.4187, 73.0791, 31.3354, 72.9958
rawalpindi, 33.6007, 73.0679, 33.5174, 72.9846
multan, 30.1575, 71.5249, 30.0742, 71.4416
hyderabad, 25.3924, 68.3736, 25.3091, 68.2903
gujranwala, 32.1877, 74.1945, 32.1044, 74.1112
peshawar, 34.0151, 71.5249, 33.9318, 71.4416
quetta, 30.1878, 66.9750, 30.1045, 66.8917
islamabad, 33.6844, 73.0479, 33.6011, 72.9646
sargodha, 32.0836, 72.6711, 32.0003, 72.5878
sialkot, 32.4943, 74.5314, 32.4110, 74.4481
bahawalpur, 29.3999, 71.6833, 29.3166, 71.6000
sukkur, 27.7052, 68.8574, 27.6219, 68.7741
jhang, 31.2736, 72.3167, 31.1903, 72.2334
sheikhupura, 31.7131, 73.9783, 31.6298, 73.8950
larkana, 27.5567, 68.2125, 27.4734, 68.1292
mardan, 34.1981, 72.0479, 34.1148, 71.9646
gujrat, 32.5731, 74.0743, 32.4898, 73.9910
kasur, 31.1187, 74.4497, 31.0354, 74.3664
rahim_yar_khan, 28.4206, 70.3039, 28.3373, 70.2206
sahiwal, 30.6669, 73.1086, 30.5836, 73.0253
nigeria, 9.0570, 7.4897, 8.9737, 7.4064
lagos, 6.5244, 3.3792, 6.4411, 3.2959
kano, 12.0022, 8.5919, 11.9189, 8.5086
ibadan, 7.3775, 3.9470, 7.2942, 3.8637
kaduna, 10.5105, 7.4165, 10.4272, 7.3332
port_harcourt, 4.8152, 7.0498, 4.7319, 6.9665
benin_city, 6.3350, 5.6275, 6.2517, 5.5442
maiduguri, 11.8319, 13.1498, 11.7486, 13.0665
zaria, 11.0785, 7.7067, 10.9952, 7.6234
aba, 5.1107, 7.3557, 5.0274, 7.2724
jos, 9.9285, 8.8947, 9.8452, 8.8114
ilorin, 8.4799, 4.5418, 8.3966, 4.4585
oyo, 7.8430, 3.9336, 7.7597, 3.8503
enugu, 6.4540, 7.5020, 6.3707, 7.4187
abuja, 9.0570, 7.4897, 8.9737, 7.4064
onitsha, 6.1667, 6.7833, 6.0834, 6.7000
warri, 5.5539, 5.7836, 5.4706, 5.7003
calabar, 4.9611, 8.3319, 4.8778, 8.2486
makurdi, 7.7333, 8.5333, 7.6500, 8.4500
gusau, 12.1629, 6.6614, 12.0796, 6.5781
sokoto, 13.0609, 5.2390, 12.9776, 5.1557
birnin_kebbi, 12.4536, 4.1997, 12.3703, 4.1164
brazil, -15.7975, -47.8919, -15.8808, -47.9752
sao_paulo, -23.5505, -46.6333, -23.6338, -46.7166
rio_de_janeiro, -22.9068, -43.1729, -22.9901, -43.2562
salvador, -12.9714, -38.5014, -13.0547, -38.5847
brasilia, -15.7975, -47.8919, -15.8808, -47.9752
fortaleza, -3.7327, -38.5270, -3.8160, -38.6103
belo_horizonte, -19.9167, -43.9345, -20.0000, -44.0178
manaus, -3.1190, -60.0217, -3.2023, -60.1050
curitiba, -25.4278, -49.2731, -25.5111, -49.3564
recife, -8.0584, -34.8848, -8.1417, -34.9681
goiania, -16.6869, -49.2643, -16.7702, -49.3476
belem, -1.4558, -48.4902, -1.5391, -48.5735
porto_alegre, -30.0325, -51.2304, -30.1158, -51.3137
guarulhos, -23.4522, -46.5328, -23.5355, -46.6161
campinas, -22.9056, -47.0608, -22.9889, -47.1441
sao_luis, -2.5297, -44.3028, -2.6130, -44.3861
sao_goncalo, -22.8269, -43.0543, -22.9102, -43.1376
maceio, -9.6658, -35.7353, -9.7491, -35.8186
duque_de_caxias, -22.7856, -43.3117, -22.8689, -43.3950
natal, -5.7945, -35.2090, -5.8778, -35.2923
teresina, -5.0892, -42.8016, -5.1725, -42.8849
new_york, 40.7128, -74.0060, 40.6295, -74.0893
los_angeles, 34.0522, -118.2437, 33.9689, -118.3270
chicago, 41.8781, -87.6298, 41.7948, -87.7131
houston, 29.7604, -95.3698, 29.6771, -95.4531
phoenix, 33.4484, -112.0740, 33.3651, -112.1573
philadelphia, 39.9526, -75.1652, 39.8693, -75.2485
san_antonio, 29.4241, -98.4936, 29.3408, -98.5769
san_diego, 32.7157, -117.1611, 32.6324, -117.2444
dallas, 32.7767, -96.7970, 32.6934, -96.8803
san_jose, 37.3382, -121.8863, 37.2549, -121.9696
austin, 30.2672, -97.7431, 30.1839, -97.8264
jacksonville, 30.3322, -81.6557, 30.2489, -81.7390
fort_worth, 32.7555, -97.3308, 32.6722, -97.4141
columbus, 39.9612, -82.9988, 39.8779, -83.0821
charlotte, 35.2271, -80.8431, 35.1438, -80.9264
san_francisco, 37.7749, -122.4194, 37.6916, -122.5027
indianapolis, 39.7684, -86.1581, 39.6851, -86.2414
seattle, 47.6062, -122.3321, 47.5229, -122.4154
denver, 39.7392, -104.9903, 39.6559, -105.0736
washington, 38.9072, -77.0369, 38.8239, -77.1202
boston, 42.3601, -71.0589, 42.2768, -71.1422
dhaka, 23.8103, 90.4125, 23.7270, 90.3292
chittagong, 22.3568, 91.7832, 22.2735, 91.6999
khulna, 22.8456, 89.5403, 22.7623, 89.4570
rajshahi, 24.3740, 88.6042, 24.2907, 88.5209
sylhet, 24.8998, 91.8720, 24.8165, 91.7887
bogra, 24.8467, 89.3718, 24.7634, 89.2885
rangpur, 25.7466, 89.2508, 25.6633, 89.1675
barisal, 22.7000, 90.3667, 22.6167, 90.2834
mymensingh, 24.7474, 90.4203, 24.6641, 90.3370
comilla, 23.4618, 91.1952, 23.3785, 91.1119
narayanganj, 23.6238, 90.5017, 23.5405, 90.4184
gazipur, 24.0023, 90.4265, 23.9190, 90.3432
sirajganj, 24.4536, 89.7007, 24.3703, 89.6174
naogaon, 24.8105, 88.9490, 24.7272, 88.8657
jessore, 23.1667, 89.2167, 23.0834, 89.1334
dinajpur, 25.6250, 88.6500, 25.5417, 88.5667
kushtia, 23.9010, 89.1200, 23.8177, 89.0367
coxs_bazar, 21.4272, 92.0058, 21.3439, 91.9225
pabna, 24.0000, 89.2333, 23.9167, 89.1500
tangail, 24.2515, 89.9167, 24.1682, 89.8334
moscow, 55.7558, 37.6173, 55.6725, 37.5340
saint_petersburg, 59.9343, 30.3351, 59.8509, 30.2518
novosibirsk, 55.0084, 82.9357, 54.9251, 82.8524
yekaterinburg, 56.8519, 60.6122, 56.7686, 60.5289
nizhny_novgorod, 56.3267, 44.0055, 56.2434, 43.9222
kazan, 55.7961, 49.1087, 55.7128, 49.0254
chelyabinsk, 55.1597, 61.4026, 55.0764, 61.3193
omsk, 54.9914, 73.3686, 54.9081, 73.2853
samara, 53.1955, 50.1018, 53.1122, 50.0185
rostov_on_don, 47.2210, 39.7348, 47.1377, 39.6515
ufa, 54.7388, 55.9721, 54.6555, 55.8888
krasnoyarsk, 56.0153, 92.8932, 55.9320, 92.8099
voronezh, 51.6606, 39.2003, 51.5773, 39.1170
volgograd, 48.7080, 44.5133, 48.6247, 44.4300
perm, 58.0135, 56.2503, 57.9302, 56.1670
krasnodar, 45.0355, 38.9753, 44.9522, 38.8920
saratov, 51.5666, 46.0355, 51.4833, 45.9522
tyumen, 57.1522, 65.5272, 57.0689, 65.4439
tolyatti, 53.5113, 49.3454, 53.4280, 49.2621
izhevsk, 56.8528, 53.2112, 56.7695, 53.1279
barnaul, 53.3606, 83.7636, 53.2773, 83.6803
irkutsk, 52.2872, 104.2803, 52.2039, 104.1970
mexico_city, 19.4326, -99.1332, 19.3493, -99.2165
guadalajara, 20.6597, -103.3496, 20.5764, -103.4329
monterrey, 25.6866, -100.3161, 25.6033, -100.3994
puebla, 19.0413, -98.2062, 18.9580, -98.2895
tijuana, 32.5149, -117.0382, 32.4316, -117.1215
leon, 21.1619, -101.8531, 21.0786, -101.9364
juarez, 31.6940, -106.4262, 31.6107, -106.5095
torreon, 25.5429, -103.4068, 25.4596, -103.4901
san_luis_potosi, 22.1565, -100.9855, 22.0732, -101.0688
merida, 20.9670, -89.5926, 20.8837, -89.6759
zapopan, 20.7247, -103.4482, 20.6414, -103.5315
nezahualcoyotl, 19.4005, -99.0638, 19.3172, -99.1471
culiacan, 24.8091, -107.3948, 24.7258, -107.4781
aguascalientes, 21.8853, -102.2916, 21.8020, -102.3749
tuxtla_gutierrez, 16.7517, -93.1168, 16.6684, -93.2001
acapulco, 16.8634, -99.8901, 16.7801, -99.9734
chihuahua, 28.6353, -106.0889, 28.5520, -106.1722
cancun, 21.1619, -86.8515, 21.0786, -86.9348
hermosillo, 29.1026, -110.9773, 29.0193, -111.0606
morelia, 19.7008, -101.1844, 19.6175, -101.2677
veracruz, 19.1732, -96.1342, 19.0899, -96.2175
cuernavaca, 18.9261, -99.2383, 18.8428, -99.3216
toluca, 19.2832, -99.6532, 19.1999, -99.7365
tokyo, 35.6762, 139.6503, 35.5929, 139.5670
yokohama, 35.4437, 139.6380, 35.3604, 139.5547
osaka, 34.6937, 135.5023, 34.6104, 135.4190
nagoya, 35.1815, 136.9066, 35.0982, 136.8233
sapporo, 43.0621, 141.3544, 42.9788, 141.2711
kobe, 34.6901, 135.1956, 34.6068, 135.1123
kyoto, 35.0116, 135.7681, 34.9283, 135.6848
fukuoka, 33.5904, 130.4017, 33.5071, 130.3184
kawasaki, 35.5308, 139.7030, 35.4475, 139.6197
saitama, 35.8617, 139.6455, 35.7784, 139.5622
hiroshima, 34.3853, 132.4553, 34.3020, 132.3720
sendai, 38.2689, 140.8694, 38.1856, 140.7861
chiba, 35.6074, 140.1065, 35.5241, 140.0232
sakai, 34.5494, 135.4724, 34.4661, 135.3891
niigata, 37.9021, 139.0236, 37.8188, 138.9403
hamamatsu, 34.7108, 137.7261, 34.6275, 137.6428
kitakyushu, 33.8506, 130.8316, 33.7673, 130.7483
okayama, 34.6617, 133.9350, 34.5784, 133.8517
saga, 33.2494, 130.2988, 33.1661, 130.2155
toyota, 35.0833, 137.1500, 35.0000, 137.0667
gifu, 35.3917, 136.7222, 35.3084, 136.6389
cairo, 30.0444, 31.2357, 29.9611, 31.1524
alexandria, 31.2001, 29.9187, 31.1168, 29.8354
giza, 30.0131, 31.2089, 29.9298, 31.1256
shubra_el_kheima, 30.1294, 31.2465, 30.0461, 31.1632
port_said, 31.2653, 32.3019, 31.1820, 32.2186
suez, 29.9740, 32.5491, 29.8907, 32.4658
luxor, 25.6872, 32.6396, 25.6039, 32.5563
mansoura, 31.0364, 31.3806, 30.9531, 31.2973
tanta, 30.7885, 31.0019, 30.7052, 30.9186
asyut, 27.1810, 31.1837, 27.0977, 31.1004
ismailia, 30.6043, 32.2722, 30.5210, 32.1889
fayyum, 29.3097, 30.8428, 29.2264, 30.7595
zagazig, 30.5877, 31.5020, 30.5044, 31.4187
aswan, 24.0889, 32.8998, 24.0056, 32.8165
damietta, 31.4165, 31.8133, 31.3332, 31.7300
damanhur, 31.0364, 30.4581, 30.9531, 30.3748
al_minya, 28.1099, 30.7503, 28.0266, 30.6670
beni_suef, 29.0661, 31.0983, 28.9828, 31.0150
qena, 26.1641, 32.7173, 26.0808, 32.6340
sohag, 26.5569, 31.6948, 26.4736, 31.6115
hurghada, 27.2574, 33.8129, 27.1741, 33.7296
6th_of_october_city, 29.9292, 30.9292, 29.8459, 30.8459
philippines, 12.8797, 121.7740, 12.7964, 121.6907
manila, 14.5995, 120.9842, 14.5162, 120.9009
quezon_city, 14.6760, 121.0437, 14.5927, 120.9604
caloocan, 14.6521, 120.9750, 14.5688, 120.8917
davao, 7.1907, 125.4553, 7.1074, 125.3720
cagayan_de_oro, 8.4542, 124.6319, 8.3709, 124.5486
cebu_city, 10.3157, 123.8854, 10.2324, 123.8021
zamboanga, 6.9214, 122.0790, 6.8381, 121.9957
antipolo, 14.6567, 121.1780, 14.5734, 121.0947
pasig, 14.5764, 121.0851, 14.4931, 121.0018
taguig, 14.5176, 121.0509, 14.4343, 120.9676
valenzuela, 14.7011, 120.9782, 14.6178, 120.8949
las_pinas, 14.4445, 120.9872, 14.3612, 120.9039
quezon, 14.4081, 121.3207, 14.3248, 121.2374
bacoor, 14.4594, 120.9376, 14.3761, 120.8543
general_santos, 6.1139, 125.1714, 6.0306, 125.0881
makati, 14.5547, 121.0244, 14.4714, 120.9411
mandaluyong, 14.5794, 121.0359, 14.4961, 120.9526
marikina, 14.6507, 121.1029, 14.5674, 121.0196
muntinlupa, 14.3768, 121.0289, 14.2935, 120.9456
paranaque, 14.4735, 121.0190, 14.3902, 120.9357
ethiopia, 9.1450, 40.4897, 9.0617, 40.4064
addis_ababa, 9.1450, 40.4897, 9.0617, 40.4064
dire_dawa, 9.5931, 41.8662, 9.5098, 41.7829
mekelle, 13.4967, 39.4753, 13.4134, 39.3920
gondar, 12.6030, 37.4687, 12.5197, 37.3854
adama, 8.5406, 39.2755, 8.4573, 39.1922
awasa, 7.0551, 38.4756, 6.9718, 38.3923
bahir_dar, 11.5742, 37.3897, 11.4909, 37.3064
jimma, 7.6810, 36.8317, 7.5977, 36.7484
dessie, 11.1333, 39.6333, 11.0500, 39.5500
shashamane, 7.1956, 38.5986, 7.1123, 38.5153
arbaminch, 6.0333, 37.5500, 5.9500, 37.4667
harar, 9.3139, 42.1181, 9.2306, 42.0348
hosaena, 7.5564, 37.8576, 7.4731, 37.7743
nazret, 8.5417, 39.3056, 8.4584, 39.2223
negele_arsi, 5.3333, 39.5333, 5.2500, 39.4500
asella, 7.9500, 39.1333, 7.8667, 39.0500
debere_markos, 10.3333, 37.7333, 10.2500, 37.6500
kombolcha, 11.0833, 39.7333, 11.0000, 39.6500
debre_tabor, 11.5167, 38.0167, 11.4334, 37.9334
sebeta, 8.9167, 38.6167, 8.8334, 38.5334
weldiya, 11.8333, 39.6000, 11.7500, 39.5167
vietnam, 21.0278, 105.8342, 20.9445, 105.7509
ho_chi_minh_city, 10.8231, 106.6297, 10.7398, 106.5464
hanoi, 21.0278, 105.8342, 20.9445, 105.7509
da_nang, 16.0678, 108.2208, 15.9845, 108.1375
hai_phong, 20.8561, 106.6822, 20.7728, 106.5989
bien_hoa, 10.9575, 106.8242, 10.8742, 106.7409
can_tho, 10.0371, 105.7883, 9.9538, 105.7050
hue, 16.4637, 107.5909, 16.3804, 107.5076
nha_trang, 12.2451, 109.1943, 12.1618, 109.1110
vung_tau, 10.3460, 107.0843, 10.2627, 107.0010
quy_nhon, 13.7826, 109.2196, 13.6993, 109.1363
buon_ma_thuot, 12.6675, 108.0378, 12.5842, 107.9545
thai_nguyen, 21.5641, 105.8443, 21.4808, 105.7610
nam_dinh, 20.4339, 106.1770, 20.3506, 106.0937
phu_ly, 20.5447, 105.9117, 20.4614, 105.8284
viet_tri, 21.3228, 105.4025, 21.2395, 105.3192
ha_long, 20.9505, 107.0733, 20.8672, 106.9900
thanh_hoa, 19.8117, 105.7799, 19.7284, 105.6966
my_tho, 10.3600, 106.3600, 10.2767, 106.2767
dong_hoi, 17.4678, 106.6036, 17.3845, 106.5203
long_xuyen, 10.1300, 105.4300, 10.0467, 105.3467
turkey, 41.0082, 28.9784, 40.9249, 28.8951
istanbul, 41.0082, 28.9784, 40.9249, 28.8951
ankara, 39.9334, 32.8597, 39.8501, 32.7764
izmir, 38.4237, 27.1483, 38.3404, 27.0650
bursa, 40.1825, 29.0669, 40.0992, 28.9836
adana, 37.0020, 35.3213, 36.9187, 35.2380
gaziantep, 37.0662, 37.3833, 36.9829, 37.3000
konya, 37.8744, 32.4931, 37.7911, 32.4098
antalya, 36.8841, 30.7056, 36.8008, 30.6223
kayseri, 38.7315, 35.4787, 38.6482, 35.3954
eskisehir, 39.7767, 30.5206, 39.6934, 30.4373
sanliurfa, 37.1671, 38.7955, 37.0838, 38.7122
diyarbakir, 37.9157, 40.2189, 37.8324, 40.1356
mersin, 36.8121, 34.6415, 36.7288, 34.5582
samsun, 41.2867, 36.3300, 41.2034, 36.2467
denizli, 37.7765, 29.0864, 37.6932, 29.0031
kahramanmaras, 37.5857, 36.9278, 37.5024, 36.8445
malatya, 38.3488, 38.3163, 38.2655, 38.2330
van, 38.4931, 43.3832, 38.4098, 43.2999
aydin, 37.8380, 27.8458, 37.7547, 27.7625
sakarya, 40.7809, 30.4033, 40.6976, 30.3200
batman, 37.8812, 41.1351, 37.7979, 41.0518
balikesir, 39.6533, 27.8889, 39.5700, 27.8056
iran, 35.6892, 51.3890, 35.6059, 51.3057
tehran, 35.6892, 51.3890, 35.6059, 51.3057
mashhad, 36.2605, 59.6168, 36.1772, 59.5335
isfahan, 32.6525, 51.6746, 32.5692, 51.5913
karaj, 35.8400, 50.9100, 35.7567, 50.8267
shiraz, 29.5918, 52.5837, 29.5085, 52.5004
tabriz, 38.0962, 46.2738, 38.0129, 46.1905
qom, 34.6401, 50.8763, 34.5568, 50.7930
ahvaz, 31.3183, 48.6706, 31.2350, 48.5873
kermanshah, 34.3277, 47.0778, 34.2444, 46.9945
urmia, 37.5500, 45.0758, 37.4667, 44.9925
rasht, 37.2807, 49.5832, 37.1974, 49.4999
zahedan, 29.4933, 60.8629, 29.4100, 60.7796
hamadan, 34.7983, 48.5147, 34.7150, 48.4314
kish, 26.5413, 53.9802, 26.4580, 53.8969
ardabil, 38.2498, 48.2933, 38.1665, 48.2100
bandar_abbas, 27.1884, 56.2808, 27.1051, 56.1975
esfahan, 32.6578, 51.6776, 32.5745, 51.5943
yazd, 31.8974, 54.3569, 31.8141, 54.2736
qazvin, 36.2678, 50.0043, 36.1845, 49.9210
zabol, 31.0327, 61.4902, 30.9494, 61.4069
borujerd, 33.8977, 48.7516, 33.8144, 48.6683
germany, 52.5200, 13.4050, 52.4367, 13.3217
berlin, 52.5200, 13.4050, 52.4367, 13.3217
hamburg, 53.5511, 9.9937, 53.4678, 9.9104
munich, 48.1351, 11.5820, 48.0518, 11.4987
cologne, 50.9375, 6.9603, 50.8542, 6.8770
frankfurt, 50.1109, 8.6821, 50.0276, 8.5988
stuttgart, 48.7754, 9.1828, 48.6921, 9.0995
dusseldorf, 51.2277, 6.7735, 51.1444, 6.6902
dortmund, 51.5136, 7.4653, 51.4303, 7.3820
essen, 51.4556, 7.0116, 51.3723, 6.9283
leipzig, 51.3397, 12.3831, 51.2564, 12.2998
bremen, 53.0793, 8.8017, 52.9960, 8.7184
dresden, 51.0504, 13.7373, 50.9671, 13.6540
hannover, 52.3759, 9.7320, 52.2926, 9.6487
nuremberg, 49.4521, 11.0767, 49.3688, 10.9934
bochum, 51.4818, 7.2162, 51.3985, 7.1329
wuppertal, 51.2562, 7.1508, 51.1729, 7.0675
bielefeld, 52.0302, 8.5325, 51.9469, 8.4492
bonn, 50.7374, 7.0982, 50.6541, 7.0149
munster, 51.9607, 7.6261, 51.8774, 7.5428
karlsruhe, 49.0069, 8.4037, 48.9236, 8.3204
mannheim, 49.4875, 8.4660, 49.4042, 8.3827
augsburg, 48.3665, 10.8944, 48.2832, 10.8111
wiesbaden, 50.0782, 8.2398, 49.9949, 8.1565
thailand, 13.7563, 100.5018, 13.6730, 100.4185
bangkok, 13.7563, 100.5018, 13.6730, 100.4185
nonthaburi, 13.8600, 100.5150, 13.7767, 100.4317
pak_kret, 13.9125, 100.4975, 13.8292, 100.4142
hat_yai, 7.0082, 100.4768, 6.9249, 100.3935
chiang_mai, 18.7883, 98.9853, 18.7050, 98.9020
phuket, 7.8804, 98.3923, 7.7971, 98.3090
pattaya, 12.9236, 100.8825, 12.8403, 100.7992
udon_thani, 17.4156, 102.7859, 17.3323, 102.7026
khon_kaen, 16.4322, 102.8236, 16.3489, 102.7403
chiang_rai, 19.9107, 99.8406, 19.8274, 99.7573
surat_thani, 9.1382, 99.3208, 9.0549, 99.2375
korat, 14.9799, 102.0978, 14.8966, 102.0145
songkhla, 7.1988, 100.5951, 7.1155, 100.5118
nakhon_ratchasima, 14.9708, 102.1025, 14.8875, 102.0192
rayong, 12.6814, 101.2826, 12.5981, 101.1993
phitsanulok, 16.8248, 100.2680, 16.7415, 100.1847
ubon_ratchathani, 15.2288, 104.8563, 15.1455, 104.7730
nakhon_sawan, 15.7047, 100.1372, 15.6214, 100.0539
trang, 7.5563, 99.6114, 7.4730, 99.5281
ranong, 9.9657, 98.6347, 9.8824, 98.5514
buriram, 14.9944, 103.1033, 14.9111, 103.0200
france, 48.8566, 2.3522, 48.7733, 2.2689
paris, 48.8566, 2.3522, 48.7733, 2.2689
marseille, 43.2965, 5.3698, 43.2132, 5.2865
lyon, 45.7640, 4.8357, 45.6807, 4.7524
toulouse, 43.6047, 1.4442, 43.5214, 1.3609
nice, 43.7102, 7.2620, 43.6269, 7.1787
nantes, 47.2184, -1.5536, 47.1351, -1.6369
strasbourg, 48.5734, 7.7521, 48.4901, 7.6688
montpellier, 43.6108, 3.8772, 43.5275, 3.7939
bordeaux, 44.8378, -0.5792, 44.7545, -0.6625
lille, 50.6292, 3.0570, 50.5459, 2.9737
rennes, 48.1173, -1.6778, 48.0340, -1.7611
reims, 49.2583, 4.0317, 49.1750, 3.9484
le_havre, 49.4875, 0.1074, 49.4042, 0.0241
cergy, 49.0330, 2.0809, 48.9497, 1.9976
saint_etienne, 45.4397, 4.3878, 45.3564, 4.3045
toulon, 43.1242, 6.0138, 43.0409, 5.9305
angers, 47.4784, -0.5632, 47.3951, -0.6465
grenoble, 45.1885, 5.7245, 45.1052, 5.6412
dijon, 47.3220, 5.0415, 47.2387, 4.9582
nimes, 43.8366, 4.3601, 43.7533, 4.2768
aix_en_provence, 43.5298, 5.4475, 43.4465, 5.3642
brest, 48.3904, -4.4861, 48.3071, -4.5694
limoges, 45.8336, 1.2611, 45.7503, 1.1778
clermont_ferrand, 45.7772, 3.0870, 45.6939, 3.0037
tours, 47.3941, 0.6848, 47.3108, 0.6015
united_kingdom, 51.5074, -0.1278, 51.4241, -0.2111
london, 51.5074, -0.1278, 51.4241, -0.2111
birmingham, 52.4862, -1.8904, 52.4029, -1.9737
manchester, 53.4808, -2.2426, 53.3975, -2.3259
glasgow, 55.8642, -4.2518, 55.7809, -4.3351
liverpool, 53.4084, -2.9916, 53.3251, -3.0749
leeds, 53.8008, -1.5491, 53.7175, -1.6324
sheffield, 53.3811, -1.4701, 53.2978, -1.5534
edinburgh, 55.9533, -3.1883, 55.8700, -3.2716
bristol, 51.4545, -2.5879, 51.3712, -2.6712
leicester, 52.6369, -1.1398, 52.5536, -1.2231
coventry, 52.4068, -1.5197, 52.3235, -1.6030
nottingham, 52.9548, -1.1581, 52.8715, -1.2414
newcastle_upon_tyne, 54.9783, -1.6178, 54.8950, -1.7011
belfast, 54.5970, -5.9301, 54.5137, -6.0134
brighton, 50.8225, -0.1372, 50.7392, -0.2205
cardiff, 51.4816, -3.1791, 51.3983, -3.2624
plymouth, 50.3755, -4.1427, 50.2922, -4.2260
southampton, 50.9097, -1.4044, 50.8264, -1.4877
derby, 52.9225, -1.4746, 52.8392, -1.5579
portsmouth, 50.8198, -1.0870, 50.7365, -1.1703
reading, 51.4543, -0.9781, 51.3710, -1.0614
south_africa, -26.2041, 28.0473, -26.2874, 27.9640
johannesburg, -26.2041, 28.0473, -26.2874, 27.9640
cape_town, -33.9249, 18.4241, -34.0082, 18.3408
durban, -29.8587, 31.0218, -29.9420, 30.9385
pretoria, -25.7479, 28.2293, -25.8312, 28.1460
port_elizabeth, -33.9608, 25.6022, -34.0441, 25.5189
bloemfontein, -29.1211, 26.2140, -29.2044, 26.1307
east_london, -33.0153, 27.9116, -33.0986, 27.8283
pietermaritzburg, -29.6171, 30.3928, -29.7004, 30.3095
germiston, -26.2289, 28.1773, -26.3122, 28.0940
polokwane, -23.9045, 29.4689, -23.9878, 29.3856
boksburg, -26.2129, 28.2328, -26.2962, 28.1495
benoni, -26.1882, 28.3209, -26.2715, 28.2376
tembisa, -26.0308, 28.2356, -26.1141, 28.1523
cape_town, -33.9249, 18.4241, -34.0082, 18.3408
vereeniging, -26.6735, 27.9261, -26.7568, 27.8428
newcastle, -27.7589, 29.9323, -27.8422, 29.8490
worcester, -33.6464, 19.4452, -33.7297, 19.3619
klerksdorp, -26.8700, 26.6700, -26.9533, 26.5867
potchefstroom, -26.7147, 27.0957, -26.7980, 27.0124
krugersdorp, -26.0961, 27.7708, -26.1794, 27.6875
uganda, 0.3476, 32.5825, 0.2643, 32.4992
kampala, 0.3476, 32.5825, 0.2643, 32.4992
gulu, 2.7747, 32.2990, 2.6914, 32.2157
lira, 2.2499, 32.9001, 2.1666, 32.8168
mbarara, -0.6072, 30.6505, -0.6905, 30.5672
jinja, 0.4244, 33.2032, 0.3411, 33.1199
busembatia, 0.3935, 33.9391, 0.3102, 33.8558
mbale, 1.0767, 34.1748, 0.9934, 34.0915
masaka, -0.3350, 31.7333, -0.4183, 31.6500
arua, 3.0200, 30.9111, 2.9367, 30.8278
gulu, 2.7747, 32.2990, 2.6914, 32.2157
kasese, 0.1850, 30.0890, 0.1017, 30.0057
hoima, 1.4331, 31.3530, 1.3498, 31.2697
mubende, 0.5550, 31.3939, 0.4717, 31.3106
fort_portal, 0.6710, 30.2748, 0.5877, 30.1915
tororo, 0.6920, 34.1806, 0.6087, 34.0973
mbale, 1.0767, 34.1748, 0.9934, 34.0915
iganga, 0.6111, 33.4747, 0.5278, 33.3914
mityana, 0.3989, 32.0403, 0.3156, 31.9570
kabale, -1.2500, 29.9833, -1.3333, 29.9000
soroti, 1.7146, 33.6114, 1.6313, 33.5281
entebbe, 0.0644, 32.4622, -0.0189, 32.3789
iraq, 33.3152, 44.3661, 33.2319, 44.2828
baghdad, 33.3152, 44.3661, 33.2319, 44.2828
basra, 30.5081, 47.7835, 30.4248, 47.7002
mosul, 36.3450, 43.1500, 36.2617, 43.0667
erbil, 36.1911, 44.0092, 36.1078, 43.9259
sulaymaniyah, 35.5558, 45.4350, 35.4725, 45.3517
najaf, 32.0256, 44.3269, 31.9423, 44.2436
karbala, 32.6167, 44.0333, 32.5334, 43.9500
kirkuk, 35.4681, 44.3919, 35.3848, 44.3086
ramadi, 33.4206, 43.2753, 33.3373, 43.1920
kut, 32.4958, 45.8167, 32.4125, 45.7334
nasiriyah, 31.0581, 46.2575, 30.9748, 46.1742
amara, 31.8333, 47.1500, 31.7500, 47.0667
dohuk, 36.8667, 42.9833, 36.7834, 42.9000
hilla, 32.4639, 44.4347, 32.3806, 44.3514
baqubah, 33.7056, 44.6403, 33.6223, 44.5570
samarra, 34.1986, 43.8808, 34.1153, 43.7975
rutba, 33.0333, 40.2833, 32.9500, 40.2000
zakho, 37.1500, 42.6833, 37.0667, 42.6000
afak, 32.0667, 45.2333, 31.9834, 45.1500
al_qaim, 34.4000, 40.9500, 34.3167, 40.8667
taji, 33.5333, 44.3333, 33.4500, 44.2500
canada, 45.4215, -75.6972, 45.3382, -75.7805
toronto, 43.6532, -79.3832, 43.5699, -79.4665
montreal, 45.5017, -73.5673, 45.4184, -73.6506
vancouver, 49.2827, -123.1207, 49.1994, -123.2040
calgary, 51.0447, -114.0719, 50.9614, -114.1552
edmonton, 53.5461, -113.4938, 53.4628, -113.5771
ottawa, 45.4215, -75.6972, 45.3382, -75.7805
winnipeg, 49.8951, -97.1384, 49.8118, -97.2217
quebec_city, 46.8139, -71.2080, 46.7306, -71.2913
hamilton, 43.2553, -79.8438, 43.1720, -79.9271
kitchener, 43.4516, -80.4925, 43.3683, -80.5758
london, 42.9849, -81.2453, 42.9016, -81.3286
victoria, 48.4284, -123.3656, 48.3451, -123.4489
halifax, 44.6488, -63.5752, 44.5655, -63.6585
windsor, 42.3149, -83.0364, 42.2316, -83.1197
saskatoon, 52.1332, -106.6700, 52.0499, -106.7533
regina, 50.4452, -104.6189, 50.3619, -104.7022
sherbrooke, 45.4042, -71.9029, 45.3209, -71.9862
saint_johns, 47.5615, -52.7126, 47.4782, -52.7959
barrie, 44.3894, -79.6903, 44.3061, -79.7736
kingston, 44.2312, -76.4860, 44.1479, -76.5693
abbotsford, 49.0504, -122.3040, 48.9671, -122.3873
sudbury, 46.4917, -80.9903, 46.4084, -81.0736
saguenay, 48.4259, -71.0675, 48.3426, -71.1508
algeria, 36.7538, 3.0588, 36.6705, 2.9755
algiers, 36.7538, 3.0588, 36.6705, 2.9755
oran, 35.6911, -0.6417, 35.6078, -0.7250
constantine, 36.3650, 6.6147, 36.2817, 6.5314
annaba, 36.8992, 7.7763, 36.8159, 7.6930
blida, 36.4700, 2.8300, 36.3867, 2.7467
batna, 35.5530, 6.1782, 35.4697, 6.0949
setif, 36.1908, 5.4103, 36.1075, 5.3270
sidi_bel_abbes, 35.1979, -0.6346, 35.1146, -0.7179
skikda, 36.8764, 6.9056, 36.7931, 6.8223
biskra, 34.8500, 5.7333, 34.7667, 5.6500
mostaganem, 35.9328, 0.0882, 35.8495, 0.0049
tijaret, 35.3783, 1.3167, 35.2950, 1.2334
bejaia, 36.7550, 5.0583, 36.6717, 4.9750
msila, 35.7061, 4.5394, 35.6228, 4.4561
chlef, 36.2131, 1.3333, 36.1298, 1.2500
tebessa, 35.4042, 8.1242, 35.3209, 8.0409
el_oued, 33.3667, 6.8500, 33.2834, 6.7667
guelma, 36.4647, 7.4264, 36.3814, 7.3431
ouargla, 31.9500, 5.3167, 31.8667, 5.2334
saida, 34.8333, 0.1500, 34.7500, 0.0667
djelfa, 34.6667, 3.2500, 34.5834, 3.1667
poland, 52.2297, 21.0122, 52.1464, 20.9289
warsaw, 52.2297, 21.0122, 52.1464, 20.9289
krakow, 50.0647, 19.9450, 49.9814, 19.8617
lodz, 51.7592, 19.4559, 51.6759, 19.3726
wroclaw, 51.1079, 17.0385, 51.0246, 16.9552
poznan, 52.4064, 16.9252, 52.3231, 16.8419
gdansk, 54.3520, 18.6466, 54.2687, 18.5633
szczecin, 53.4289, 14.5530, 53.3456, 14.4697
bydgoszcz, 53.1235, 18.0076, 53.0402, 17.9243
lublin, 51.2465, 22.5684, 51.1632, 22.4851
katowice, 50.2594, 19.0276, 50.1761, 18.9443
bialystok, 53.1325, 23.1688, 53.0492, 23.0855
czestochowa, 50.8118, 19.1203, 50.7285, 19.0370
gorzow_wielkopolski, 52.7365, 15.2318, 52.6532, 15.1485
radom, 51.3997, 21.1456, 51.3164, 21.0623
rybnik, 50.0917, 18.5417, 50.0084, 18.4584
rzeszow, 50.0413, 21.9990, 49.9580, 21.9157
kalisz, 51.7648, 18.0877, 51.6815, 18.0044
zielona_gora, 51.9356, 15.5064, 51.8523, 15.4231
tarnow, 50.0139, 20.9884, 49.9306, 20.9051
kielce, 50.8663, 20.6286, 50.7830, 20.5453
gliwice, 50.2945, 18.6666, 50.2112, 18.5833
opole, 50.6701, 17.9213, 50.5868, 17.8380
colombia, 4.7110, -74.0721, 4.6277, -74.1554
bogota, 4.7110, -74.0721, 4.6277, -74.1554
medellin, 6.2443, -75.5742, 6.1610, -75.6575
cali, 3.4372, -76.5225, 3.3539, -76.6058
barranquilla, 10.9685, -74.7813, 10.8852, -74.8646
cartagena, 10.3910, -75.4794, 10.3077, -75.5627
cucuta, 7.8939, -72.5078, 7.8106, -72.5911
bucaramanga, 7.1254, -73.1198, 7.0421, -73.2031
pereira, 4.8133, -75.6961, 4.7300, -75.7794
santa_marta, 11.2408, -74.1990, 11.1575, -74.2823
ibague, 4.4389, -75.2322, 4.3556, -75.3155
pasto, 1.2136, -77.2811, 1.1303, -77.3644
manizales, 5.0689, -75.5178, 4.9856, -75.6011
villavicencio, 4.1420, -73.6266, 4.0587, -73.7099
neiva, 2.9273, -75.2819, 2.8440, -75.3652
valledupar, 10.4631, -73.2532, 10.3798, -73.3365
monteria, 8.7479, -75.8814, 8.6646, -75.9647
popayan, 2.4382, -76.6132, 2.3549, -76.6965
tunja, 5.5353, -73.3678, 5.4520, -73.4511
riohacha, 11.5444, -72.9069, 11.4611, -72.9902
armenia, 4.5408, -75.7328, 4.4575, -75.8161
sincelejo, 9.3047, -75.3931, 9.2214, -75.4764
barrancabermeja, 7.0667, -73.8500, 6.9834, -73.9333
quibdo, 5.6921, -76.6585, 5.6088, -76.7418
argentina, -34.6037, -58.3816, -34.6870, -58.4649
buenos_aires, -34.6037, -58.3816, -34.6870, -58.4649
cordoba, -31.4201, -64.1888, -31.5034, -64.2721
rosario, -32.9468, -60.6393, -33.0301, -60.7226
mendoza, -32.8908, -68.8272, -32.9741, -68.9105
la_plata, -34.9205, -57.9536, -35.0038, -58.0369
tucuman, -26.8241, -65.2226, -26.9074, -65.3059
mar_del_plata, -37.9977, -57.5482, -38.0810, -57.6315
salta, -24.7859, -65.4117, -24.8692, -65.4950
santa_fe, -31.6488, -60.7086, -31.7321, -60.7919
san_juan, -31.5375, -68.5364, -31.6208, -68.6197
resistencia, -27.4514, -58.9867, -27.5347, -59.0700
santiago_del_estero, -27.7951, -64.2615, -27.8784, -64.3448
corrientes, -27.4806, -58.8341, -27.5639, -58.9174
posadas, -27.3667, -55.8967, -27.4500, -55.9800
bahia_blanca, -38.7196, -62.2664, -38.8029, -62.3497
parana, -31.7327, -60.5135, -31.8160, -60.5968
formosa, -26.1849, -58.1759, -26.2682, -58.2592
san_miguel_de_tucuman, -26.8241, -65.2226, -26.9074, -65.3059
neuquen, -38.9516, -68.0591, -39.0349, -68.1424
san_salvador_de_jujuy, -24.1858, -65.2995, -24.2691, -65.3828
comodoro_rivadavia, -45.8651, -67.4817, -45.9484, -67.5650
ushuaia, -54.8019, -68.3029, -54.8852, -68.3862
sudan, 15.5007, 32.5599, 15.4174, 32.4766
khartoum, 15.5007, 32.5599, 15.4174, 32.4766
omdurman, 15.6445, 32.4777, 15.5612, 32.3944
port_sudan, 19.6174, 37.2164, 19.5341, 37.1331
kassala, 15.4514, 36.3997, 15.3681, 36.3164
el_obeid, 13.1833, 30.2167, 13.1000, 30.1334
nyala, 12.0494, 24.8819, 11.9661, 24.7986
gadarif, 14.0381, 35.3917, 13.9548, 35.3084
kosti, 13.1667, 32.6500, 13.0834, 32.5667
al_fashir, 13.6300, 25.3500, 13.5467, 25.2667
juba, 4.8470, 31.5997, 4.7637, 31.5164
wad_madani, 14.4022, 33.5133, 14.3189, 33.4300
atbara, 17.6970, 33.9780, 17.6137, 33.8947
dongola, 19.1667, 30.4500, 19.0834, 30.3667
el_daein, 11.4508, 26.1272, 11.3675, 26.0439
sennar, 13.5500, 33.6167, 13.4667, 33.5334
kadugli, 11.0167, 29.7167, 10.9334, 29.6334
taloodi, 12.7167, 27.5667, 12.6334, 27.4834
rabaq, 13.1667, 32.7333, 13.0834, 32.6500
tandalti, 13.3000, 33.9833, 13.2167, 33.9000
abu_hamed, 19.5167, 33.3333, 19.4334, 33.2500
karima, 18.5417, 31.8500, 18.4584, 31.7667
ukraine, 50.4501, 30.5234, 50.3668, 30.4401
kyiv, 50.4501, 30.5234, 50.3668, 30.4401
kharkiv, 49.9935, 36.2304, 49.9102, 36.1471
odessa, 46.4825, 30.7233, 46.3992, 30.6400
dnipro, 48.4647, 35.0462, 48.3814, 34.9629
donetsk, 48.0159, 37.8028, 47.9326, 37.7195
zaporizhzhia, 47.8388, 35.1396, 47.7555, 35.0563
lviv, 49.8397, 24.0297, 49.7564, 23.9464
krivyi_rih, 47.9217, 33.4042, 47.8384, 33.3209
mykolaiv, 46.9750, 31.9975, 46.8917, 31.9142
mariupol, 47.0951, 37.5413, 47.0118, 37.4580
luhansk, 48.5740, 39.3078, 48.4907, 39.2245
vinnytsia, 49.2331, 28.4682, 49.1498, 28.3849
simferopol, 44.9521, 34.1024, 44.8688, 34.0191
kherson, 46.6354, 32.6169, 46.5521, 32.5336
poltava, 49.5882, 34.5514, 49.5049, 34.4681
chernihiv, 51.4982, 31.2893, 51.4149, 31.2060
cherkasy, 49.4444, 32.0598, 49.3611, 31.9765
sumy, 50.9077, 34.7981, 50.8244, 34.7148
zhytomyr, 50.2547, 28.6587, 50.1714, 28.5754
khmelnytskyi, 49.4229, 26.9871, 49.3396, 26.9038
rivne, 50.6199, 26.2516, 50.5366, 26.1683
kropyvnytskyi, 48.5055, 32.2594, 48.4222, 32.1761
ivano_frankivsk, 48.9226, 24.7111, 48.8393, 24.6278
uzbekistan, 41.2995, 69.2401, 41.2162, 69.1568
tashkent, 41.2995, 69.2401, 41.2162, 69.1568
namangan, 40.9983, 71.6726, 40.9150, 71.5893
samarkand, 39.6542, 66.9597, 39.5709, 66.8764
andijan, 40.7821, 72.3489, 40.6988, 72.2656
bukhara, 39.7747, 64.4286, 39.6914, 64.3453
nukus, 42.4531, 59.6103, 42.3698, 59.5270
qarshi, 38.8606, 65.7890, 38.7773, 65.7057
kokand, 40.5436, 70.9428, 40.4603, 70.8595
fergana, 40.3678, 71.7899, 40.2845, 71.7066
margilan, 40.4675, 71.7181, 40.3842, 71.6348
angren, 40.8667, 70.1333, 40.7834, 70.0500
termez, 37.2242, 67.2783, 37.1409, 67.1950
urgench, 41.5500, 60.6333, 41.4667, 60.5500
chirchiq, 41.4667, 69.5833, 41.3834, 69.5000
navoi, 40.0844, 65.3792, 40.0011, 65.2959
old_jiva, 42.3833, 60.3667, 42.3000, 60.2834
shahrisabz, 39.0500, 66.8333, 38.9667, 66.7500
denau, 38.2667, 67.9000, 38.1834, 67.8167
jizzakh, 40.1167, 67.8333, 40.0334, 67.7500
gazalkent, 41.4667, 69.7167, 41.3834, 69.6334
malaysia, 3.1390, 101.6869, 3.0557, 101.6036
kuala_lumpur, 3.1390, 101.6869, 3.0557, 101.6036
george_town, 5.4164, 100.3327, 5.3331, 100.2494
ipoh, 4.5975, 101.0901, 4.5142, 101.0068
shah_alam, 3.0851, 101.5329, 3.0018, 101.4496
petaling_jaya, 3.1072, 101.6067, 3.0239, 101.5234
johor_bahru, 1.4927, 103.7414, 1.4094, 103.6581
kuching, 1.5533, 110.3592, 1.4700, 110.2759
kota_kinabalu, 5.9804, 116.0735, 5.8971, 115.9902
seremban, 2.7257, 101.9380, 2.6424, 101.8547
sandakan, 5.8402, 118.1179, 5.7569, 118.0346
klang, 3.0449, 101.4439, 2.9616, 101.3606
subang_jaya, 3.0568, 101.5850, 2.9735, 101.5017
alor_setar, 6.1244, 100.3677, 6.0411, 100.2844
miri, 4.4147, 113.9915, 4.3314, 113.9082
kota_bharu, 6.1256, 102.2381, 6.0423, 102.1548
kuala_terengganu, 5.3303, 103.1408, 5.2470, 103.0575
taiping, 4.8500, 100.7333, 4.7667, 100.6500
melaka, 2.1896, 102.2501, 2.1063, 102.1668
bintulu, 3.1667, 113.0333, 3.0834, 112.9500
sibu, 2.3000, 111.8333, 2.2167, 111.7500
tawau, 4.2581, 117.8832, 4.1748, 117.7999
kuantan, 3.8077, 103.3260, 3.7244, 103.2427
sungai_petani, 5.6417, 100.4917, 5.5584, 100.4084
afghanistan, 34.5553, 69.2075, 34.4720, 69.1242
kabul, 34.5553, 69.2075, 34.4720, 69.1242
kandahar, 31.6305, 65.7322, 31.5472, 65.6489
herat, 34.3419, 62.2030, 34.2586, 62.1197
mazar_i_sharif, 36.7070, 67.1167, 36.6237, 67.0334
kunduz, 36.7281, 68.8570, 36.6448, 68.7737
jalalabad, 34.4264, 70.4479, 34.3431, 70.3646
lashkar_gah, 31.5877, 64.3604, 31.5044, 64.2771
taloqan, 36.7635, 69.5340, 36.6802, 69.4507
puli_khumri, 35.9550, 68.7158, 35.8717, 68.6325
khost, 33.3364, 69.9167, 33.2531, 69.8334
ghazni, 33.5444, 68.4189, 33.4611, 68.3356
sheberghan, 36.6681, 65.7569, 36.5848, 65.6736
sari_pul, 36.2147, 66.0281, 36.1314, 65.9448
farah, 32.3826, 62.1167, 32.2993, 62.0334
gardez, 33.5961, 69.2258, 33.5128, 69.1425
kunduz, 36.7281, 68.8570, 36.6448, 68.7737
aybak, 35.9500, 68.3667, 35.8667, 68.2834
zaranj, 30.9639, 61.8675, 30.8806, 61.7842
charikar, 35.0106, 69.1717, 34.9273, 69.0884
meymaneh, 35.9228, 64.7814, 35.8395, 64.6981
ghazni, 33.5444, 68.4189, 33.4611, 68.3356
peru, -12.0464, -77.0428, -12.1297, -77.1261
lima, -12.0464, -77.0428, -12.1297, -77.1261
arequipa, -16.4090, -71.5375, -16.4923, -71.6208
callao, -12.0564, -77.1181, -12.1397, -77.2014
trujillo, -8.1159, -79.0299, -8.1992, -79.1132
chiclayo, -6.7714, -79.8409, -6.8547, -79.9242
huancayo, -12.0651, -75.2049, -12.1484, -75.2882
piura, -5.1945, -80.6328, -5.2778, -80.7161
iquitos, -3.7481, -73.2472, -3.8314, -73.3305
cusco, -13.5319, -71.9675, -13.6152, -72.0508
pucallpa, -8.3784, -74.5836, -8.4617, -74.6669
juliaca, -15.5000, -70.1333, -15.5833, -70.2166
iquitos, -3.7481, -73.2472, -3.8314, -73.3305
sullana, -4.9083, -80.6817, -4.9916, -80.7650
tacna, -18.0147, -70.2536, -18.0980, -70.3369
jaen, -5.7011, -78.8000, -5.7844, -78.8833
cajamarca, -7.1603, -78.5123, -7.2436, -78.5956
puno, -15.8402, -70.0219, -15.9235, -70.1052
ayacucho, -13.1631, -74.2236, -13.2464, -74.3069
huanuco, -9.9297, -76.2422, -10.0130, -76.3255
abancay, -13.6339, -72.8806, -13.7172, -72.9639
moquegua, -17.1947, -70.9331, -17.2780, -71.0164
tarma, -11.4167, -75.6833, -11.5000, -75.7666
puerto_maldonado, -12.5901, -69.2067, -12.6734, -69.2900
venezuela, 10.4806, -66.9036, 10.3973, -66.9869
caracas, 10.4806, -66.9036, 10.3973, -66.9869
maracaibo, 10.6317, -71.6406, 10.5484, -71.7239
valencia, 10.1620, -68.0077, 10.0787, -68.0910
barquisimeto, 10.0647, -69.3064, 9.9814, -69.3897
maracay, 10.2469, -67.5958, 10.1636, -67.6791
ciudad_guayana, 8.3512, -62.6410, 8.2679, -62.7243
san_cristobal, 7.7664, -72.2367, 7.6831, -72.3200
maturin, 9.7454, -63.1833, 9.6621, -63.2666
barcelona, 10.1361, -64.6863, 10.0528, -64.7696
turmero, 10.2278, -67.4667, 10.1445, -67.5500
merida, 8.5983, -71.1450, 8.5150, -71.2283
cabimas, 10.3982, -71.4558, 10.3149, -71.5391
petare, 10.4444, -66.8167, 10.3611, -66.9000
guarenas, 10.4667, -66.5500, 10.3834, -66.6333
los_teques, 10.1333, -67.0500, 10.0500, -67.1333
punto_fijo, 11.6833, -70.1833, 11.6000, -70.2666
cumana, 10.4553, -64.1731, 10.3720, -64.2564
catia_la_mar, 10.6000, -67.0333, 10.5167, -67.1166
guacara, 10.2306, -67.8703, 10.1473, -67.9536
acarigua, 9.5600, -69.2000, 9.4767, -69.2833
girardot, 4.3056, -74.8028, 4.2223, -74.8861
ghana, 5.6037, -0.1870, 5.5204, -0.2703
accra, 5.6037, -0.1870, 5.5204, -0.2703
kumasi, 6.6885, -1.6244, 6.6052, -1.7077
tamale, 9.4008, -0.8393, 9.3175, -0.9226
sekondi_takoradi, 4.9289, -1.7634, 4.8456, -1.8467
ashaiman, 5.6833, -0.0167, 5.6000, -0.1000
obuasi, 6.2000, -1.6667, 6.1167, -1.7500
cape_coast, 5.1054, -1.2466, 5.0221, -1.3299
madina, 5.6833, -0.0167, 5.6000, -0.1000
koforidua, 6.0833, -0.2500, 6.0000, -0.3333
wa, 10.0603, -2.5099, 9.9770, -2.5932
ho, 6.6000, 0.4667, 6.5167, 0.3834
sunyani, 7.3333, -2.3333, 7.2500, -2.4166
bolgatanga, 10.7867, -0.8517, 10.7034, -0.9350
techiman, 7.5833, -1.9333, 7.5000, -2.0166
tamale, 9.4008, -0.8393, 9.3175, -0.9226
cape_coast, 5.1054, -1.2466, 5.0221, -1.3299
nima, 5.5833, -0.2000, 5.5000, -0.2833
sogakope, 6.1000, 0.5833, 6.0167, 0.5000
bawku, 11.0303, -0.2308, 10.9470, -0.3141
navrongo, 10.8953, -1.0952, 10.8120, -1.1785
elmina, 5.0847, -1.3508, 5.0014, -1.4341
axim, 4.8667, -2.2333, 4.7834, -2.3166
damongo, 9.0667, -1.7833, 8.9834, -1.8666
buipe, 8.8333, -1.5333, 8.7500, -1.6166
yendi, 9.4500, -0.0167, 9.3667, -0.1000
morocco, 31.7917, -7.0926, 31.7084, -7.1759
casablanca, 33.5731, -7.5898, 33.4898, -7.6731
rabat, 34.0209, -6.8416, 33.9376, -6.9249
fes, 34.0181, -5.0078, 33.9348, -5.0911
marrakech, 31.6295, -8.0088, 31.5462, -8.0921
tangier, 35.7595, -5.8340, 35.6762, -5.9173
agadir, 30.4278, -9.5982, 30.3445, -9.6815
meknes, 33.8935, -5.5473, 33.8102, -5.6306
oujda, 34.6805, -1.9086, 34.5972, -1.9919
kenitra, 34.2610, -6.5802, 34.1777, -6.6635
tetouan, 35.5885, -5.3698, 35.5052, -5.4531
sale, 34.0531, -6.7965, 33.9698, -6.8798
nador, 35.1679, -2.9336, 35.0846, -3.0169
beni_mellal, 32.3373, -6.3600, 32.2540, -6.4433
safi, 32.2994, -9.2372, 32.2161, -9.3205
khemisset, 33.8240, -6.0647, 33.7407, -6.1480
el_jadida, 33.2548, -8.5067, 33.1715, -8.5900
taourirt, 34.4066, -2.8966, 34.3233, -2.9799
larache, 35.1932, -6.1558, 35.1099, -6.2391
khouribga, 32.8811, -6.9063, 32.7978, -6.9896
berrechid, 33.2656, -7.5847, 33.1823, -7.6680
guelmim, 28.9873, -10.0577, 28.9040, -10.1410
ouarzazate, 30.9333, -6.9333, 30.8500, -7.0166
al_hoceima, 35.2472, -3.9368, 35.1639, -4.0201
taounate, 34.5454, -5.0244, 34.4621, -5.1077
yemen, 15.3694, 44.1910, 15.2861, 44.1077
sanaa, 15.3694, 44.1910, 15.2861, 44.1077
aden, 12.7794, 45.0367, 12.6961, 44.9534
taiz, 13.5795, 44.0209, 13.4962, 43.9376
al_hudaydah, 14.7978, 42.9545, 14.7145, 42.8712
ibb, 13.9667, 44.1833, 13.8834, 44.1000
dhamar, 14.5428, 44.4051, 14.4595, 44.3218
mukalla, 14.5425, 49.1312, 14.4592, 49.0479
amran, 15.6594, 44.3255, 15.5761, 44.2422
zabid, 14.1978, 43.3117, 14.1145, 43.2284
saiyun, 15.9583, 48.8333, 15.8750, 48.7500
bayhan, 14.8833, 46.8167, 14.8000, 46.7334
ataq, 14.5387, 46.8319, 14.4554, 46.7486
jahran, 14.7333, 44.7500, 14.6500, 44.6667
al_mahwit, 15.4667, 43.5333, 15.3834, 43.4500
ma_rib, 15.4500, 45.3500, 15.3667, 45.2667
hajjah, 15.6944, 43.6061, 15.6111, 43.5228
beihan, 14.7833, 45.7167, 14.7000, 45.6334
bajil, 15.0667, 43.2833, 14.9834, 43.2000
al_ghaydah, 16.3500, 52.1833, 16.2667, 52.1000
tarim, 15.9333, 48.8333, 15.8500, 48.7500
al_mukalla, 14.5425, 49.1312, 14.4592, 49.0479
hazm, 16.1500, 44.7833, 16.0667, 44.7000
angola, -8.8395, 13.2894, -8.9228, 13.2061
luanda, -8.8395, 13.2894, -8.9228, 13.2061
huambo, -12.7761, 15.7392, -12.8594, 15.6559
lobito, -12.3644, 13.5394, -12.4477, 13.4561
kuito, -12.3833, 16.9333, -12.4666, 16.8500
malanje, -9.5422, 16.3414, -9.6255, 16.2581
lubango, -14.9172, 13.4925, -15.0005, 13.4092
namibe, -15.1961, 12.1522, -15.2794, 12.0689
soyo, -6.1333, 12.3667, -6.2166, 12.2834
cabinda, -5.5500, 12.2000, -5.6333, 12.1167
benguela, -12.5764, 13.4055, -12.6597, 13.3222
lucapa, -8.4167, 20.7833, -8.5000, 20.7000
menongue, -14.6583, 17.6867, -14.7416, 17.6034
ndalatando, -9.2933, 14.9117, -9.3766, 14.8284
sumbe, -11.2083, 13.8433, -11.2916, 13.7600
caxito, -8.5781, 13.6642, -8.6614, 13.5809
longonjo, -12.9083, 15.2433, -12.9916, 15.1600
mbanza_congo, -6.2667, 14.2500, -6.3500, 14.1667
saurimo, -9.6608, 20.3917, -9.7441, 20.3084
gabela, -10.8561, 14.3356, -10.9394, 14.2523
luena, -11.7833, 19.9167, -11.8666, 19.8334
caala, -12.1083, 15.4556, -12.1916, 15.3723
cuito_cuanavale, -15.1667, 19.1500, -15.2500, 19.0667
xangongo, -17.0167, 15.9500, -17.1000, 15.8667
spain, 40.4168, -3.7038, 40.3335, -3.7871
madrid, 40.4168, -3.7038, 40.3335, -3.7871
barcelona, 41.3851, 2.1734, 41.3018, 2.0901
valencia, 39.4699, -0.3763, 39.3866, -0.4596
seville, 37.3891, -5.9845, 37.3058, -6.0678
zaragoza, 41.6488, -0.8861, 41.5655, -0.9694
malaga, 36.7213, -4.4214, 36.6380, -4.5047
murcia, 37.9922, -1.1307, 37.9089, -1.2140
palma, 39.5696, 2.6502, 39.4863, 2.5669
las_palmas, 28.1248, -15.4300, 28.0415, -15.5133
bilbao, 43.2630, -2.9340, 43.1797, -3.0173
alicante, 38.3452, -0.4810, 38.2619, -0.5643
cordoba, 37.8882, -4.7794, 37.8049, -4.8627
valladolid, 41.6520, -4.7286, 41.5687, -4.8119
vigo, 42.1686, -8.7397, 42.0853, -8.8230
gijon, 43.5322, -5.6611, 43.4489, -5.7444
l_hospitalet, 41.3642, 2.1226, 41.2809, 2.0393
vitoria_gasteiz, 42.8591, -2.6818, 42.7758, -2.7651
la_coruna, 43.3713, -8.3960, 43.2880, -8.4793
granada, 37.1774, -3.5986, 37.0941, -3.6819
elche, 38.2622, -0.7011, 38.1789, -0.7844
oviedo, 43.3603, -5.8448, 43.2770, -5.9281
badalona, 41.4478, 2.2474, 41.3645, 2.1641
cartagena, 37.6051, -0.9862, 37.5218, -1.0695
m_tanzania, -6.7924, 39.2083, -6.8757, 39.1250
dar_es_salaam, -6.7924, 39.2083, -6.8757, 39.1250
dodoma, -6.1630, 35.7516, -6.2463, 35.6683
mwanza, -2.5164, 32.9175, -2.5997, 32.8342
zanzibar, -6.1659, 39.2026, -6.2492, 39.1193
arusha, -3.3869, 36.6830, -3.4702, 36.5997
mbeya, -8.9000, 33.4500, -8.9833, 33.3667
morogoro, -6.8210, 37.6612, -6.9043, 37.5779
tanga, -5.0689, 39.0988, -5.1522, 39.0155
tabora, -5.0169, 32.8266, -5.1002, 32.7433
kigoma, -4.8769, 29.6266, -4.9602, 29.5433
moshi, -3.3531, 37.3406, -3.4364, 37.2573
musoma, -1.5000, 33.8000, -1.5833, 33.7167
songea, -10.6833, 35.6500, -10.7666, 35.5667
iringa, -7.7667, 35.7000, -7.8500, 35.6167
bukoba, -1.3317, 31.8122, -1.4150, 31.7289
lindi, -10.0000, 39.7000, -10.0833, 39.6167
kibaha, -6.7667, 38.9167, -6.8500, 38.8334
singida, -6.1667, 34.7333, -6.2500, 34.6500
mpanda, -6.3431, 31.0686, -6.4264, 30.9853
shinyanga, -3.6614, 33.4231, -3.7447, 33.3398
tunduru, -10.6500, 37.6500, -10.7333, 37.5667
sumbawanga, -7.9667, 31.6167, -8.0500, 31.5334
myanmar, 16.8661, 96.1951, 16.7828, 96.1118
yangon, 16.8661, 96.1951, 16.7828, 96.1118
mandalay, 21.9747, 96.0836, 21.8914, 96.0003
naypyidaw, 19.7450, 96.1292, 19.6617, 96.0459
mawlamyine, 16.4864, 97.6452, 16.4031, 97.5619
bago, 17.3350, 96.4833, 17.2517, 96.4000
pathein, 16.7767, 94.7333, 16.6934, 94.6500
monywa, 22.1167, 95.1333, 22.0334, 95.0500
meiktila, 20.8667, 95.8667, 20.7834, 95.7834
muse, 23.9833, 97.4000, 23.9000, 97.3167
taunggyi, 20.7892, 97.0378, 20.7059, 96.9545
loikaw, 19.6767, 97.1333, 19.5934, 97.0500
sittwe, 20.1461, 92.8983, 20.0628, 92.8150
taungoo, 18.9333, 96.4333, 18.8500, 96.3500
myeik, 12.4333, 98.6000, 12.3500, 98.5167
heho, 20.7333, 96.7833, 20.6500, 96.7000
bhamo, 24.2500, 97.2333, 24.1667, 97.1500
pyay, 18.8167, 95.2167, 18.7334, 95.1334
dawei, 14.0833, 98.2000, 14.0000, 98.1167
lashio, 22.9333, 97.7500, 22.8500, 97.6667
kengtung, 21.3000, 99.6000, 21.2167, 99.5167
pa_an, 16.8833, 97.6333, 16.8000, 97.5500
kenya, -1.2921, 36.8219, -1.3754, 36.7386
nairobi, -1.2921, 36.8219, -1.3754, 36.7386
mombasa, -4.0435, 39.6682, -4.1268, 39.5849
kisumu, -0.0917, 34.7678, -0.1750, 34.6845
nakuru, -0.2833, 36.0667, -0.3666, 35.9834
eldoret, 0.5143, 35.2698, 0.4310, 35.1865
ruiru, -1.1500, 36.9667, -1.2333, 36.8834
kikuyu, -1.2500, 36.6667, -1.3333, 36.5834
thika, -1.0333, 37.0833, -1.1166, 37.0000
malindi, -3.2192, 40.1169, -3.3025, 40.0336
kitale, 1.0150, 35.0000, 0.9317, 34.9167
garissa, -0.4528, 39.6460, -0.5361, 39.5627
nanyuki, 0.0167, 37.0667, -0.0666, 36.9834
machakos, -1.5167, 37.2667, -1.6000, 37.1834
meru, 0.0417, 37.6500, -0.0416, 37.5667
nyeri, -0.4167, 36.9500, -0.5000, 36.8667
kakamega, 0.2833, 34.7500, 0.2000, 34.6667
lamu, -2.2717, 40.9000, -2.3550, 40.8167
busia, 0.4608, 34.1114, 0.3775, 34.0281
naivasha, -0.7167, 36.4333, -0.8000, 36.3500
kericho, -0.3667, 35.2833, -0.4500, 35.2000
embu, -0.5333, 37.4500, -0.6166, 37.3667
kitui, -1.3667, 38.0167, -1.4500, 37.9334
somalia, 2.0469, 45.3182, 1.9636, 45.2349
mogadishu, 2.0469, 45.3182, 1.9636, 45.2349
hargeisa, 9.5600, 44.0500, 9.4767, 43.9667
kismayo, -0.3581, 42.5452, -0.4414, 42.4619
bosaso, 11.2833, 49.1833, 11.2000, 49.1000
baidoa, 2.1833, 43.6500, 2.1000, 43.5667
gaalkacyo, 6.7667, 47.5333, 6.6834, 47.4500
marka, 1.7333, 44.7667, 1.6500, 44.6834
baraawe, 1.1000, 44.0000, 1.0167, 43.9167
jamaame, 0.0667, 42.5333, -0.0166, 42.4500
buurhakaba, 2.8167, 44.0833, 2.7334, 44.0000
beledweyne, 4.7333, 45.4333, 4.6500, 45.3500
afgooye, 2.1333, 45.1167, 2.0500, 45.0334
jowhar, 2.7667, 45.5000, 2.6834, 45.4167
baidoa, 2.1833, 43.6500, 2.1000, 43.5667
las_anod, 9.4667, 47.3500, 9.3834, 47.2667
garowe, 8.4000, 48.4667, 8.3167, 48.3834
bardera, 2.3000, 42.2833, 2.2167, 42.2000
bulo_burto, 3.1667, 45.5667, 3.0834, 45.4834
qoryooley, 1.7833, 44.9167, 1.7000, 44.8334
ceerigaabo, 10.6167, 47.3667, 10.5334, 47.2834
wangi, 3.0167, 43.3167, 2.9334, 43.2334
uganda, 0.3476, 32.5825, 0.2643, 32.4992
kampala, 0.3476, 32.5825, 0.2643, 32.4992
gulu, 2.7747, 32.2990, 2.6914, 32.2157
lira, 2.2499, 32.9001, 2.1666, 32.8168
mbarara, -0.6072, 30.6505, -0.6905, 30.5672
jinja, 0.4244, 33.2032, 0.3411, 33.1199
busembatia, 0.3935, 33.9391, 0.3102, 33.8558
mbale, 1.0767, 34.1748, 0.9934, 34.0915
masaka, -0.3350, 31.7333, -0.4183, 31.6500
arua, 3.0200, 30.9111, 2.9367, 30.8278
gulu, 2.7747, 32.2990, 2.6914, 32.2157
kasese, 0.1850, 30.0890, 0.1017, 30.0057
hoima, 1.4331, 31.3530, 1.3498, 31.2697
mubende, 0.5550, 31.3939, 0.4717, 31.3106
fort_portal, 0.6710, 30.2748, 0.5877, 30.1915
tororo, 0.6920, 34.1806, 0.6087, 34.0973
mbale, 1.0767, 34.1748, 0.9934, 34.0915
iganga, 0.6111, 33.4747, 0.5278, 33.3914
mityana, 0.3989, 32.0403, 0.3156, 31.9570
kabale, -1.2500, 29.9833, -1.3333, 29.9000
soroti, 1.7146, 33.6114, 1.6313, 33.5281
entebbe, 0.0644, 32.4622, -0.0189, 32.3789
algeria, 36.7538, 3.0588, 36.6705, 2.9755
algiers, 36.7538, 3.0588, 36.6705, 2.9755
oran, 35.6911, -0.6417, 35.6078, -0.7250
constantine, 36.3650, 6.6147, 36.2817, 6.5314
annaba, 36.8992, 7.7763, 36.8159, 7.6930
blida, 36.4700, 2.8300, 36.3867, 2.7467
batna, 35.5530, 6.1782, 35.4697, 6.0949
setif, 36.1908, 5.4103, 36.1075, 5.3270
sidi_bel_abbes, 35.1979, -0.6346, 35.1146, -0.7179
skikda, 36.8764, 6.9056, 36.7931, 6.8223
biskra, 34.8500, 5.7333, 34.7667, 5.6500
mostaganem, 35.9328, 0.0882, 35.8495, 0.0049
tijaret, 35.3783, 1.3167, 35.2950, 1.2334
bejaia, 36.7550, 5.0583, 36.6717, 4.9750
msila, 35.7061, 4.5394, 35.6228, 4.4561
chlef, 36.2131, 1.3333, 36.1298, 1.2500
tebessa, 35.4042, 8.1242, 35.3209, 8.0409
el_oued, 33.3667, 6.8500, 33.2834, 6.7667
guelma, 36.4647, 7.4264, 36.3814, 7.3433
ouargla, 31.9500, 5.3167, 31.8667, 5.2334
saida, 34.8333, 0.1500, 34.7500, 0.0667
djelfa, 34.6667, 3.2500, 34.5834, 3.1667
poland, 52.2297, 21.0122, 52.1464, 20.9289
warsaw, 52.2297, 21.0122, 52.1464, 20.9289
krakow, 50.0647, 19.9450, 49.9814, 19.8617
lodz, 51.7592, 19.4559, 51.6759, 19.3726
wroclaw, 51.1079, 17.0385, 51.0246, 16.9552
poznan, 52.4064, 16.9252, 52.3231, 16.8419
gdansk, 54.3520, 18.6466, 54.2687, 18.5633
szczecin, 53.4289, 14.5530, 53.3456, 14.4697
bydgoszcz, 53.1235, 18.0076, 53.0402, 17.9243
lublin, 51.2465, 22.5684, 51.1632, 22.4851
katowice, 50.2594, 19.0276, 50.1761, 18.9443
bialystok, 53.1325, 23.1688, 53.0492, 23.0855
czestochowa, 51.8118, 19.1203, 51.7285, 19.0370
gorzow_wielkopolski, 52.7365, 15.2318, 52.6532, 15.1485
radom, 51.3997, 21.1456, 51.3164, 21.0623
rybnik, 50.0917, 18.5417, 50.0084, 18.4584
rzeszow, 50.0413, 21.9990, 49.9580, 21.9157
kalisz, 51.7648, 18.0877, 51.6815, 18.0044
zielona_gora, 51.9356, 15.5064, 51.8523, 15.4231
tarnow, 50.0139, 20.9884, 49.9306, 20.9055
kielce, 50.8663, 20.6286, 50.7830, 20.5453
gliwice, 50.2945, 18.6666, 50.2112, 18.5833
opole, 50.6701, 17.9213, 50.5868, 17.8380
colombia, 4.7110, -74.0721, 4.6277, -74.1554
bogota, 4.7110, -74.0721, 4.6277, -74.1554
medellin, 6.2443, -75.5742, 6.1610, -75.6575
cali, 3.4372, -76.5225, 3.3539, -76.6058
barranquilla, 10.9685, -74.7813, 10.8852, -74.8646
cartagena, 10.3910, -75.4794, 10.3077, -75.5627
cucuta, 7.8939, -72.5078, 7.8106, -72.5911
bucaramanga, 7.1254, -73.1198, 7.0421, -73.2031
pereira, 4.8133, -75.6961, 4.7300, -75.7794
santa_marta, 11.2408, -74.1990, 11.1575, -74.2823
ibague, 4.4389, -75.2322, 4.3556, -75.3155
pasto, 1.2136, -77.2811, 1.1303, -77.3644
manizales, 5.0689, -75.5178, 4.9856, -75.6011
villavicencio, 4.1420, -73.6266, 4.0587, -73.7099
neiva, 2.9273, -75.2819, 2.8440, -75.3652
valledupar, 10.4631, -73.2532, 10.3798, -73.3365
monteria, 8.7479, -75.8814, 8.6646, -75.9647
popayan, 2.4382, -76.6132, 2.3549, -76.6965
tunja, 5.5353, -73.3678, 5.4520, -73.4511
riohacha, 11.5444, -72.9069, 11.4611, -72.9902
armenia, 4.5408, -75.7328, 4.4575, -75.8161
sincelejo, 9.3047, -75.3931, 9.2214, -75.4764
barrancabermeja, 7.0667, -73.8500, 6.9834, -73.9333
quibdo, 5.6921, -76.6585, 5.6088, -76.7418
argentina, -34.6037, -58.3816, -34.6870, -58.4649
buenos_aires, -34.6037, -58.3816, -34.6870, -58.4649
cordoba, -31.4201, -64.1888, -31.5034, -64.2721
rosario, -32.9468, -60.6393, -33.0301, -60.7226
mendoza, -32.8908, -68.8272, -32.9741, -68.9105
la_plata, -34.9205, -57.9536, -35.0038, -58.0369
tucuman, -26.8241, -65.2226, -26.9074, -65.3059
mar_del_plata, -37.9977, -57.5482, -38.0810, -57.6315
salta, -24.7859, -65.4117, -24.8692, -65.4950
santa_fe, -31.6488, -60.7086, -31.7321, -60.7919
san_juan, -31.5375, -68.5364, -31.6208, -68.6197
resistencia, -27.4514, -58.9867, -27.5347, -59.0700
santiago_del_estero, -27.7951, -64.2615, -27.8784, -64.3448
corrientes, -27.4806, -58.8341, -27.5639, -58.9174
posadas, -27.3667, -55.8967, -27.4500, -55.9800
bahia_blanca, -38.7196, -62.2664, -38.8029, -62.3497
parana, -31.7327, -60.5135, -31.8160, -60.5968
formosa, -26.1849, -58.1759, -26.2682, -58.2592
san_miguel_de_tucuman, -26.8241, -65.2226, -26.9074, -65.3059
neuquen, -38.9516, -68.0591, -39.0349, -68.1424
san_salvador_de_jujuy, -24.1858, -65.2995, -24.2691, -65.3828
comodoro_rivadavia, -45.8651, -67.4817, -45.9484, -67.5650
ushuaia, -54.8019, -68.3029, -54.8852, -68.3862
sudan, 15.5007, 32.5599, 15.4174, 32.4766
khartoum, 15.5007, 32.5599, 15.4174, 32.4766
omdurman, 15.6445, 32.4777, 15.5612, 32.3944
port_sudan, 19.6174, 37.2164, 19.5341, 37.1331
kassala, 15.4514, 36.3997, 15.3681, 36.3164
el_obeid, 13.1833, 30.2167, 13.1000, 30.1334
nyala, 12.0494, 24.8819, 11.9661, 24.7986
gadarif, 14.0381, 35.3917, 13.9548, 35.3084
kosti, 13.1667, 32.6500, 13.0834, 32.5667
al_fashir, 13.6300, 25.3500, 13.5467, 25.2667
juba, 4.8470, 31.5997, 4.7637, 31.5164
wad_madani, 14.4022, 33.5133, 14.3189, 33.4300
atbara, 17.6970, 33.9780, 17.6137, 33.8947
dongola, 19.1667, 30.4500, 19.0834, 30.3667
el_daein, 11.4508, 26.1272, 11.3675, 26.0439
sennar, 13.5500, 33.6167, 13.4667, 33.5334
kadugli, 11.0167, 29.7167, 10.9334, 29.6334
taloodi, 12.7167, 27.5667, 12.6334, 27.4834
rabaq, 13.1667, 32.7333, 13.0834, 32.6500
tandalti, 13.3000, 33.9833, 13.2167, 33.9000
abu_hamed, 19.5167, 33.3333, 19.4334, 33.2500
karima, 18.5417, 31.8500, 18.4584, 31.7667
ukraine, 50.4501, 30.5234, 50.3668, 30.4401
kyiv, 50.4501, 30.5234, 50.3668, 30.4401
kharkiv, 49.9935, 36.2304, 49.9102, 36.1471
odessa, 46.4825, 30.7233, 46.3992, 30.6400
dnipro, 48.4647, 35.0462, 48.3814, 34.9629
donetsk, 48.0159, 37.8028, 47.9326, 37.7195
zaporizhzhia, 47.8388, 35.1396, 47.7555, 35.0563
lviv, 49.8397, 24.0297, 49.7564, 23.9464
krivyi_rih, 47.9217, 33.4042, 47.8384, 33.3209
mykolaiv, 46.9750, 31.9975, 46.8917, 31.9142
mariupol, 47.0951, 37.5413, 47.0118, 37.4580
luhansk, 48.5740, 39.3078, 48.4907, 39.2245
vinnytsia, 49.2331, 28.4682, 49.1498, 28.3849
simferopol, 44.9521, 34.1024, 44.8688, 34.0191
kherson, 46.6354, 32.6169, 46.5521, 32.5336
poltava, 49.5882, 34.5514, 49.5049, 34.4681
chernihiv, 51.4982, 31.2893, 51.4149, 31.2060
cherkasy, 49.4444, 32.0598, 49.3611, 31.9765
sumy, 50.9077, 34.7981, 50.8244, 34.7148
zhytomyr, 50.2547, 28.6587, 50.1714, 28.5754
khmelnytskyi, 49.4229, 26.9871, 49.3396, 26.9038
rivne, 50.6199, 26.2516, 50.5366, 26.1683
kropyvnytskyi, 48.5055, 32.2594, 48.4222, 32.1761
ivano_frankivsk, 48.9226, 24.7111, 48.8393, 24.6278
uzbekistan, 41.2995, 69.2401, 41.2162, 69.1568
tashkent, 41.2995, 69.2401, 41.2162, 69.1568
namangan, 40.9983, 71.6726, 40.9150, 71.5893
samarkand, 39.6542, 66.9597, 39.5709, 66.8764
andijan, 40.7821, 72.3489, 40.6988, 72.2656
bukhara, 39.7747, 64.4286, 39.6914, 64.3453
nukus, 42.4531, 59.6103, 42.3698, 59.5270
qarshi, 38.8606, 65.7890, 38.7773, 65.7057
kokand, 40.5436, 70.9428, 40.4603, 70.8595
fergana, 40.3678, 71.7899, 40.2845, 71.7066
margilan, 40.4675, 71.7181, 40.3842, 71.6348
angren, 40.8667, 70.1333, 40.7834, 70.0500
termez, 37.2242, 67.2783, 37.1409, 67.1950
urgench, 41.5500, 60.6333, 41.4667, 60.5500
chirchiq, 41.4667, 69.5833, 41.3834, 69.5000
navoi, 40.0844, 65.3792, 40.0011, 65.2959
old_jiva, 42.3833, 60.3667, 42.3000, 60.2834
shahrisabz, 39.0500, 66.8333, 38.9667, 66.7500
denau, 38.2667, 67.9000, 38.1834, 67.8167
jizzakh, 40.1167, 67.8333, 40.0334, 67.7500
gazalkent, 41.4667, 69.7167, 41.3834, 69.6334
malaysia, 3.1390, 101.6869, 3.0557, 101.6036
kuala_lumpur, 3.1390, 101.6869, 3.0557, 101.6036
george_town, 5.4164, 100.3327, 5.3331, 100.2494
ipoh, 4.5975, 101.0901, 4.5142, 101.0068
shah_alam, 3.0851, 101.5329, 3.0018, 101.4496
petaling_jaya, 3.1072, 101.6067, 3.0239, 101.5234
johor_bahru, 1.4927, 103.7414, 1.4094, 103.6581
kuching, 1.5533, 110.3592, 1.4700, 110.2759
kota_kinabalu, 5.9804, 116.0735, 5.8971, 115.9902
seremban, 2.7257, 101.9380, 2.6424, 101.8547
sandakan, 5.8402, 118.1179, 5.7569, 118.0346
klang, 3.0449, 101.4439, 2.9616, 101.3606
subang_jaya, 3.0568, 101.5850, 2.9735, 101.5017
alor_setar, 6.1244, 100.3677, 6.0411, 100.2844
miri, 4.4147, 113.9915, 4.3314, 113.9082
kota_bharu, 6.1256, 102.2381, 6.0423, 102.1548
kuala_terengganu, 5.3303, 103.1408, 5.2470, 103.0575
taiping, 4.8500, 100.7333, 4.7667, 100.6500
melaka, 2.1896, 102.2501, 2.1063, 102.1668
bintulu, 3.1667, 113.0333, 3.0834, 112.9500
sibu, 2.3000, 111.8333, 2.2167, 111.7500
tawau, 4.2581, 117.8832, 4.1748, 117.7999
kuantan, 3.8077, 103.3260, 3.7244, 103.2427
sungai_petani, 5.6417, 100.4917, 5.5584, 100.4084
afghanistan, 34.5553, 69.2075, 34.4720, 69.1242
kabul, 34.5553, 69.2075, 34.4720, 69.1242
kandahar, 31.6305, 65.7322, 31.5472, 65.6489
herat, 34.3419, 62.2030, 34.2586, 62.1197
mazar_i_sharif, 36.7070, 67.1167, 36.6237, 67.0334
kunduz, 36.7281, 68.8570, 36.6448, 68.7737
jalalabad, 34.4264, 70.4479, 34.3431, 70.3646
lashkar_gah, 31.5877, 64.3604, 31.5044, 64.2777
taloqan, 36.7635, 69.5340, 36.6802, 69.4507
puli_khumri, 35.9550, 68.7158, 35.8717, 68.6325
khost, 33.3364, 69.9167, 33.2531, 69.8334
ghazni, 33.5444, 68.4189, 33.4611, 68.3356
sheberghan, 36.6681, 65.7569, 36.5848, 65.6736
sari_pul, 36.2147, 66.0281, 36.1314, 65.9448
farah, 32.3826, 62.1167, 32.2993, 62.0334
gardez, 33.5961, 69.2258, 33.5128, 69.1425
kunduz, 36.7281, 68.8570, 36.6448, 68.7737
aybak, 35.9500, 68.3667, 35.8667, 68.2834
zaranj, 30.9639, 61.8675, 30.8806, 61.7842
charikar, 35.0106, 69.1717, 34.9273, 69.0884
meymaneh, 35.9228, 64.7814, 35.8395, 64.6981
ghazni, 33.5444, 68.4189, 33.4611, 68.3356
peru, -12.0464, -77.0428, -12.1297, -77.1261
lima, -12.0464, -77.0428, -12.1297, -77.1261
arequipa, -16.4090, -71.5375, -16.4923, -71.6208
callao, -12.0564, -77.1181, -12.1397, -77.2014
trujillo, -8.1159, -79.0299, -8.1992, -79.1132
chiclayo, -6.7714, -79.8409, -6.8547, -79.9242
huancayo, -12.0651, -75.2049, -12.1484, -75.2882
piura, -5.1945, -80.6328, -5.2778, -80.7161
iquitos, -3.7481, -73.2472, -3.8314, -73.3305
cusco, -13.5319, -71.9675, -13.6152, -72.0508
pucallpa, -8.3784, -74.5836, -8.4617, -74.6669
juliaca, -15.5000, -70.1333, -15.5833, -70.2166
iquitos, -3.7481, -73.2472, -3.8314, -73.3305
sullana, -4.9083, -80.6817, -4.9916, -80.7650
tacna, -18.0147, -70.2536, -18.0980, -70.3369
jaen, -5.7011, -78.8000, -5.7844, -78.8833
cajamarca, -7.1603, -78.5123, -7.2436, -78.5956
puno, -15.8402, -70.0219, -15.9235, -70.1052
ayacucho, -13.1631, -74.2236, -13.2464, -74.3069
huanuco, -9.9297, -76.2422, -10.0130, -76.3255
abancay, -13.6339, -72.8806, -13.7172, -72.9639
moquegua, -17.1947, -70.9331, -17.2780, -71.0164
tarma, -11.4167, -75.6833, -11.5000, -75.7666
puerto_maldonado, -12.5901, -69.2067, -12.6734, -69.2900
venezuela, 10.4806, -66.9036, 10.3973, -66.9869
caracas, 10.4806, -66.9036, 10.3973, -66.9869
maracaibo, 10.6317, -71.6406, 10.5484, -71.7239
valencia, 10.1620, -68.0077, 10.0787, -68.0910
barquisimeto, 10.0647, -69.3064, 9.9814, -69.3897
maracay, 10.2469, -67.5958, 10.1636, -67.6791
ciudad_guayana, 8.3512, -62.6410, 8.2679, -62.7243
san_cristobal, 7.7664, -72.2367, 7.6831, -72.3200
maturin, 9.7454, -63.1833, 9.6621, -63.2666
barcelona, 10.1361, -64.6863, 10.0528, -64.7696
turmero, 10.2278, -67.4667, 10.1445, -67.5500
merida, 8.5983, -71.1450, 8.5150, -71.2283
cabimas, 10.3982, -71.4558, 10.3149, -71.5391
petare, 10.4444, -66.8167, 10.3611, -66.9000
guarenas, 10.4667, -66.5500, 10.3834, -66.6333
los_teques, 10.1333, -67.0500, 10.0500, -67.1333
punto_fijo, 11.6833, -70.1833, 11.6000, -70.2666
cumana, 10.4553, -64.1731, 10.3720, -64.2564
catia_la_mar, 10.6000, -67.0333, 10.5167, -67.1166
guacara, 10.2306, -67.8703, 10.1473, -67.9536
acarigua, 9.5600, -69.2000, 9.4767, -69.2833
girardot, 4.3056, -74.8028, 4.2223, -74.8861
ghana, 5.6037, -0.1870, 5.5204, -0.2703
accra, 5.6037, -0.1870, 5.5204, -0.2703
kumasi, 6.6885, -1.6244, 6.6052, -1.7077
tamale, 9.4008, -0.8393, 9.3175, -0.9226
sekondi_takoradi, 4.9289, -1.7634, 4.8456, -1.8467
ashaiman, 5.6833, -0.0167, 5.6000, -0.1000
obuasi, 6.2000, -1.6667, 6.1167, -1.7500
cape_coast, 5.1054, -1.2466, 5.0221, -1.3299
madina, 5.6833, -0.0167, 5.6000, -0.1000
koforidua, 6.0833, -0.2500, 6.0000, -0.3333
wa, 10.0603, -2.5099, 9.9770, -2.5932
ho, 6.6000, 0.4667, 6.5167, 0.3834
sunyani, 7.3333, -2.3333, 7.2500, -2.4166
bolgatanga, 10.7867, -0.8517, 10.7034, -0.9350
techiman, 7.5833, -1.9333, 7.5000, -2.0166
tamale, 9.4008, -0.8393, 9.3175, -0.9226
cape_coast, 5.1054, -1.2466, 5.0221, -1.3299
nima, 5.5833, -0.2000, 5.5000, -0.2833
sogakope, 6.1000, 0.5833, 6.0167, 0.5000
bawku, 11.0303, -0.2308, 10.9470, -0.3141
navrongo, 10.8953, -1.0952, 10.8120, -1.1785
elmina, 5.0847, -1.3508, 5.0014, -1.4341
axim, 4.8667, -2.2333, 4.7834, -2.3166
damongo, 9.0667, -1.7833, 8.9834, -1.8666
buipe, 8.8333, -1.5333, 8.7500, -1.6166
yendi, 9.4500, -0.0167, 9.3667, -0.1000
morocco, 31.7917, -7.0926, 31.7084, -7.1759
casablanca, 33.5731, -7.5898, 33.4898, -7.6731
rabat, 34.0209, -6.8416, 33.9376, -6.9249
fes, 34.0181, -5.0078, 33.9348, -5.0911
marrakech, 31.6295, -8.0088, 31.5462, -8.0921
tangier, 35.7595, -5.8340, 35.6762, -5.9173
agadir, 30.4278, -9.5982, 30.3445, -9.6815
meknes, 33.8935, -5.5473, 33.8102, -5.6306
oujda, 34.6805, -1.9086, 34.5972, -1.9919
kenitra, 34.2610, -6.5802, 34.1777, -6.6635
tetouan, 35.5885, -5.3698, 35.5052, -5.4531
sale, 34.0531, -6.7965, 33.9698, -6.8798
nador, 35.1679, -2.9336, 35.0846, -3.0169
beni_mellal, 32.3373, -6.3600, 32.2540, -6.4433
safi, 32.2994, -9.2372, 32.2161, -9.3205
khemisset, 33.8240, -6.0647, 33.7407, -6.1480
el_jadida, 33.2548, -8.5067, 33.1715, -8.5900
taourirt, 34.4066, -2.8966, 34.3233, -2.9799
larache, 35.1932, -6.1558, 35.1099, -6.2391
khouribga, 32.8811, -6.9063, 32.7978, -6.9896
berrechid, 33.2656, -7.5847, 33.1823, -7.6680
guelmim, 28.9873, -10.0577, 28.9040, -10.1410
ouarzazate, 30.9333, -6.9333, 30.8500, -7.0166
al_hoceima, 35.2472, -3.9368, 35.1639, -4.0201
taounate, 34.5454, -5.0244, 34.4621, -5.1077
yemen, 15.3694, 44.1910, 15.2861, 44.1077
sanaa, 15.3694, 44.1910, 15.2861, 44.1077
aden, 12.7794, 45.0367, 12.6961, 44.9534
taiz, 13.5795, 44.0209, 13.4962, 43.9376
al_hudaydah, 14.7978, 42.9545, 14.7145, 42.8712
ibb, 13.9667, 44.1833, 13.8834, 44.1000
dhamar, 14.5428, 44.4051, 14.4595, 44.3218
mukalla, 14.5425, 49.1312, 14.4592, 49.0479
amran, 15.6594, 44.3255, 15.5761, 44.2422
zabid, 14.1978, 43.3117, 14.1145, 43.2284
saiyun, 15.9583, 48.8333, 15.8750, 48.7500
bayhan, 14.8833, 46.8167, 14.8000, 46.7334
ataq, 14.5387, 46.8319, 14.4554, 46.7486
jahran, 14.7333, 44.7500, 14.6500, 44.6667
al_mahwit, 15.4667, 43.5333, 15.3834, 43.4500
ma_rib, 15.4500, 45.3500, 15.3667, 45.2667
hajjah, 15.6944, 43.6061, 15.6111, 43.5228
beihan, 14.7833, 45.7167, 14.7000, 45.6334
bajil, 15.0667, 43.2833, 14.9834, 43.2000
al_ghaydah, 16.3500, 52.1833, 16.2667, 52.1000
tarim, 15.9333, 48.8333, 15.8500, 48.7500
al_mukalla, 14.5425, 49.1312, 14.4592, 49.0479
hazm, 16.1500, 44.7833, 16.0667, 44.7000
angola, -8.8395, 13.2894, -8.9228, 13.2061
luanda, -8.8395, 13.2894, -8.9228, 13.2061
huambo, -12.7761, 15.7392, -12.8594, 15.6559
lobito, -12.3644, 13.5394, -12.4477, 13.4561
kuito, -12.3833, 16.9333, -12.4666, 16.8500
malanje, -9.5422, 16.3414, -9.6255, 16.2581
lubango, -14.9172, 13.4925, -15.0005, 13.4092
namibe, -15.1961, 12.1522, -15.2794, 12.0689
soyo, -6.1333, 12.3667, -6.2166, 12.2834
cabinda, -5.5500, 12.2000, -5.6333, 12.1167
benguela, -12.5764, 13.4055, -12.6597, 13.3222
lucapa, -8.4167, 20.7833, -8.5000, 20.7000
menongue, -14.6583, 17.6867, -14.7416, 17.6034
ndalatando, -9.2933, 14.9117, -9.3766, 14.8284
sumbe, -11.2083, 13.8433, -11.2916, 13.7600
caxito, -8.5781, 13.6642, -8.6614, 13.5809
longonjo, -12.9083, 15.2433, -12.9916, 15.1600
mbanza_congo, -6.2667, 14.2500, -6.3500, 14.1667
saurimo, -9.6608, 20.3917, -9.7441, 20.3084
gabela, -10.8561, 14.3356, -10.9394, 14.2523
luena, -11.7833, 19.9167, -11.8666, 19.8334
caala, -12.1083, 15.4556, -12.1916, 15.3723
cuito_cuanavale, -15.1667, 19.1500, -15.2500, 19.0667
xangongo, -17.0167, 15.9500, -17.1000, 15.8667
spain, 40.4168, -3.7038, 40.3335, -3.7871
madrid, 40.4168, -3.7038, 40.3335, -3.7871
barcelona, 41.3851, 2.1734, 41.3018, 2.0901
valencia, 39.4699, -0.3763, 39.3866, -0.4596
seville, 37.3891, -5.9845, 37.3058, -6.0678
zaragoza, 41.6488, -0.8861, 41.5655, -0.9694
malaga, 36.7213, -4.4214, 36.6380, -4.5047
murcia, 37.9922, -1.1307, 37.9089, -1.2140
palma, 39.5696, 2.6502, 39.4863, 2.5669
las_palmas, 28.1248, -15.4300, 28.0415, -15.5133
bilbao, 43.2630, -2.9340, 43.1797, -3.0173
alicante, 38.3452, -0.4810, 38.2619, -0.5644
cordoba, 37.8882, -4.7794, 37.8049, -4.8627
valladolid, 41.6520, -4.7286, 41.5687, -4.8119
vigo, 42.1686, -8.7397, 42.0853, -8.8230
gijon, 43.5322, -5.6611, 43.4489, -5.7444
l_hospitalet, 41.3642, 2.1226, 41.2809, 2.0393
vitoria_gasteiz, 42.8591, -2.6818, 42.7758, -2.7651
la_coruna, 43.3713, -8.3960, 43.2880, -8.4793
granada, 37.1774, -3.5986, 37.0941, -3.6819
elche, 38.2622, -0.7011, 38.1789, -0.7844
oviedo, 43.3603, -5.8448, 43.2770, -5.9281
badalona, 41.4478, 2.2474, 41.3645, 2.1641
cartagena, 37.6051, -0.9862, 37.5218, -1.0695
m_tanzania, -6.7924, 39.2083, -6.8757, 39.1250
dar_es_salaam, -6.7924, 39.2083, -6.8757, 39.1250
dodoma, -6.1630, 35.7516, -6.2463, 35.6683
mwanza, -2.5164, 32.9175, -2.5997, 32.8342
zanzibar, -6.1659, 39.2026, -6.2492, 39.1193
arusha, -3.3869, 36.6830, -3.4702, 36.5997
mbeya, -8.9000, 33.4500, -8.9833, 33.3667
morogoro, -6.8210, 37.6612, -6.9043, 37.5779
tanga, -5.0689, 39.0988, -5.1522, 39.0155
tabora, -5.0169, 32.8266, -5.1002, 32.7433
kigoma, -4.8769, 29.6266, -4.9602, 29.5433
moshi, -3.3531, 37.3406, -3.4364, 37.2573
musoma, -1.5000, 33.8000, -1.5833, 33.7167
songea, -10.6833, 35.6500, -10.7666, 35.5667
iringa, -7.7667, 35.7000, -7.8500, 35.6167
bukoba, -1.3317, 31.8122, -1.4150, 31.7289
lindi, -10.0000, 39.7000, -10.0833, 39.6167
kibaha, -6.7667, 38.9167, -6.8500, 38.8334
singida, -6.1667, 34.7333, -6.2500, 34.6500
mpanda, -6.3431, 31.0686, -6.4264, 30.9853
shinyanga, -3.6614, 33.4231, -3.7447, 33.3398
tunduru, -10.6500, 37.6500, -10.7333, 37.5667
sumbawanga, -7.9667, 31.6167, -8.0500, 31.5334
myanmar, 16.8661, 96.1951, 16.7828, 96.1118
yangon, 16.8661, 96.1951, 16.7828, 96.1118
mandalay, 21.9747, 96.0836, 21.8914, 96.0003
naypyidaw, 19.7450, 96.1292, 19.6617, 96.0459
mawlamyine, 16.4864, 97.6452, 16.4031, 97.5619
bago, 17.3350, 96.4833, 17.2517, 96.4000
pathein, 16.7767, 94.7333, 16.6934, 94.6500
monywa, 22.1167, 95.1333, 22.0334, 95.0500
meiktila, 20.8667, 95.8667, 20.7834, 95.7834
muse, 23.9833, 97.4000, 23.9000, 97.3167
taunggyi, 20.7892, 97.0378, 20.7059, 96.9545
loikaw, 19.6767, 97.1333, 19.5934, 97.0500
sittwe, 20.1461, 92.8983, 20.0628, 92.8150
taungoo, 18.9333, 96.4333, 18.8500, 96.3500
myeik, 12.4333, 98.6000, 12.3500, 98.5167
heho, 20.7333, 96.7833, 20.6500, 96.7000
bhamo, 24.2500, 97.2333, 24.1667, 97.1500
pyay, 18.8167, 95.2167, 18.7334, 95.1334
dawei, 14.0833, 98.2000, 14.0000, 98.1167
lashio, 22.9333, 97.7500, 22.8500, 97.6667
kengtung, 21.3000, 99.6000, 21.2167, 99.5167
pa_an, 16.8833, 97.6333, 16.8000, 97.5500
kenya, -1.2921, 36.8219, -1.3754, 36.7386
nairobi, -1.2921, 36.8219, -1.3754, 36.7386
mombasa, -4.0435, 39.6682, -4.1268, 39.5849
kisumu, -0.0917, 34.7678, -0.1750, 34.6845
nakuru, -0.2833, 36.0667, -0.3666, 35.9834
eldoret, 0.5143, 35.2698, 0.4310, 35.1865
ruiru, -1.1500, 36.9667, -1.2333, 36.8834
kikuyu, -1.2500, 36.6667, -1.3333, 36.5834
thika, -1.0333, 37.0833, -1.1166, 37.0000
malindi, -3.2192, 40.1169, -3.3025, 40.0336
kitale, 1.0150, 35.0000, 0.9317, 34.9167
garissa, -0.4528, 39.6460, -0.5361, 39.5627
nanyuki, 0.0167, 37.0667, -0.0666, 36.9834
machakos, -1.5167, 37.2667, -1.6000, 37.1834
meru, 0.0417, 37.6500, -0.0416, 37.5667
nyeri, -0.4167, 36.9500, -0.5000, 36.8667
kakamega, 0.2833, 34.7500, 0.2000, 34.6667
lamu, -2.2717, 40.9000, -2.3550, 40.8167
busia, 0.4608, 34.1114, 0.3775, 34.0281
naivasha, -0.7167, 36.4333, -0.8000, 36.3500
kericho, -0.3667, 35.2833, -0.4500, 35.2000
embu, -0.5333, 37.4500, -0.6166, 37.3667
kitui, -1.3667, 38.0167, -1.4500, 37.9334
somalia, 2.0469, 45.3182, 1.9636, 45.2349
mogadishu, 2.0469, 45.3182, 1.9636, 45.2349
hargeisa, 9.5600, 44.0500, 9.4767, 43.9667
kismayo, -0.3581, 42.5452, -0.4414, 42.4619
bosaso, 11.2833, 49.1833, 11.2000, 49.1000
baidoa, 2.1833, 43.6500, 2.1000, 43.5667
gaalkacyo, 6.7667, 47.5333, 6.6834, 47.4500
marka, 1.7333, 44.7667, 1.6500, 44.6834
baraawe, 1.1000, 44.0000, 1.0167, 43.9167
jamaame, 0.0667, 42.5333, -0.0166, 42.4500
buurhakaba, 2.8167, 44.0833, 2.7334, 44.0000
beledweyne, 4.7333, 45.4333, 4.6500, 45.3500
afgooye, 2.1333, 45.1167, 2.0500, 45.0334
jowhar, 2.7667, 45.5000, 2.6834, 45.4167
baidoa, 2.1833, 43.6500, 2.1000, 43.5667
las_anod, 9.4667, 47.3500, 9.3834, 47.2667
garowe, 8.4000, 48.4667, 8.3167, 48.3834
bardera, 2.3000, 42.2833, 2.2167, 42.2000
bulo_burto, 3.1667, 45.5667, 3.0834, 45.4834
qoryooley, 1.7833, 44.9167, 1.7000, 44.8334
ceerigaabo, 10.6167, 47.3667, 10.5334, 47.2834
wangi, 3.0167, 43.3167, 2.9334, 43.2334